00
00
00
00
00
FF
C1
00
00
00
00
00
00
00
00
00
00
00
00
00
00
00
00
00
00
00
00
00
00
00
00
00
00
00
00
00
00
00
00
00
00
00
00
00
00
00
00
00
00
00
00
00
00
00
00
00
00
00
00
00
00
00
00
00
00
00
00
00
00
00
00
00
00
00
00
00
00
00
00
00
00
00
00
00
00
00
00
00
00
00
00
00
00
00
00
00
00
00
00
00
00
00
C1
00
00
00
00
00
00
00
00
94
00
00
00
00
00
00
00
00
1F
00
00
00
00
00
00
00
00
00
00
00
00
00
00
00
00
00
00
00
00
00
00
00
00
00
00
00
00
00
00
00
00
00
00
00
00
00
00
00
00
00
00
00
00
00
00
00
00
00
00
00
00
00
00
00
00
00
00
00
00
00
00
14
4C
4A
00
00
00
00
00
00
01
00
38
00
00
00
00
00
3A
FF
00
00
00
00
C8
00
00
2A
FF
00
00
00
00
58
FF
00
00
66
2A
00
00
00
00
FF
5F
00
00
7B
00
00
00
00
00
FF
00
00
58
37
00
00
00
00
71
FF
00
00
8C
1F
00
00
00
00
BB
C6
00
00
61
1A
00
07
00
00
FF
83
00
00
5F
1B
00
00
00
00
FF
00
00
00
49
10
00
00
00
35
FF
00
00
88
2D
07
00
00
00
E0
FF
00
00
92
22
05
00
00
00
00
00
00
00
00
00
0E
00
00
00
16
FF
FF
FF
FF
B5
72
00
00
00
00
00
00
00
00
01
41
00
00
00
00
00
00
00
00
44
33
00
00
00
00
17
07
00
00
4E
2A
00
00
00
00
32
00
00
00
3E
0D
00
00
00
00
22
00
00
00
21
07
00
00
00
00
4A
00
00
08
31
00
00
00
00
00
50
00
00
64
4C
02
00
00
00
0F
0E
00
00
00
15
08
00
00
00
00
00
00
00
00
00
66
00
00
00
00
00
00
00
00
00
4A
A0
00
00
33
00
00
00
00
00
49
A2
00
00
00
00
00
00
00
2B
4B
BC
00
00
00
00
00
00
00
6C
37
76
02
00
00
00
00
00
00
69
2F
0C
01
00
00
00
00
00
00
59
18
00
00
00
00
00
00
00
00
53
08
00
00
5D
3E
00
00
00
25
4C
00
00
00
FF
FF
FF
00
00
36
36
00
E0
00
00
00
00
00
00
00
00
BD
5A
00
00
00
00
00
00
00
00
4B
00
00
00
00
00
00
00
00
00
00
00
00
00
00
00
3B
00
00
00
1C
00
00
00
00
FF
70
00
00
00
15
00
00
00
33
FF
00
00
00
00
13
00
00
00
FB
FF
00
00
00
02
00
00
00
41
FF
FF
00
00
00
3D
00
00
00
71
FF
F0
00
00
00
36
00
00
00
9C
FF
07
00
00
00
00
00
00
00
00
00
00
00
00
00
00
00
00
00
00
00
8F
2F
00
00
00
00
00
00
90
D5
4B
00
00
00
00
00
FF
FF
FF
FF
00
00
00
00
00
00
FF
FF
AD
00
00
00
00
00
00
00
AB
7D
08
00
00
00
00
00
00
00
1A
0A
1D
00
00
00
00
00
00
00
00
00
10
00
00
00
00
00
00
00
00
00
00
00
00
00
00
00
00
01
00
00
00
00
00
17
00
00
00
00
00
00
00
32
FF
FF
00
00
00
46
00
00
00
00
86
8A
91
00
00
00
27
00
00
3C
00
00
00
00
00
00
C9
00
00
50
00
00
00
00
00
14
12
60
12
00
00
00
00
00
3C
09
0A
21
00
00
00
00
00
00
0D
00
08
02
00
0E
08
0E
00
00
00
00
00
00
00
00
00
00
00
00
00
00
00
00
17
2E
00
00
00
00
33
00
00
00
15
7A
51
00
00
00
06
00
00
00
00
73
00
00
00
00
DF
20
00
00
12
10
00
00
00
01
FF
36
00
00
00
00
00
00
00
00
BA
00
00
00
00
00
00
00
00
BC
D1
00
00
00
00
00
00
00
43
FF
8A
00
00
00
00
00
00
00
87
FF
55
00
00
00
00
1D
00
00
BE
FF
19
00
00
00
1D
42
00
00
FF
FD
00
00
00
00
38
98
00
00
FF
E3
02
00
00
00
6A
BC
00
0E
B7
96
00
00
7F
00
00
66
00
00
00
83
00
72
00
00
00
00
00
00
00
C6
00
27
00
00
00
00
00
00
00
D3
00
47
00
00
00
00
00
00
00
FF
00
7E
00
00
00
35
00
00
CD
89
00
88
00
00
00
29
00
00
FF
18
36
72
00
00
11
00
00
00
FF
00
6C
4C
00
00
51
00
00
00
FF
00
8D
21
00
00
91
00
00
6B
FF
00
B1
03
00
00
D5
00
00
EA
4E
00
87
00
00
00
00
05
DC
00
00
00
00
27
00
00
00
FF
0A
00
00
00
00
39
00
00
FF
FF
00
00
00
00
68
22
00
FF
F8
4F
00
00
00
6C
72
00
49
CB
00
79
00
00
00
DF
60
00
4F
04
03
71
00
00
00
6F
16
00
09
02
62
86
00
00
00
26
17
03
00
00
93
47
00
00
27
73
17
00
00
00
8C
00
00
00
D2
7F
01
00
00
00
76
00
00
BB
FF
49
00
00
00
00
00
00
00
99
FF
C4
00
00
00
00
00
00
00
00
FF
5E
00
09
00
00
00
00
00
00
79
00
00
10
00
00
00
00
00
B3
4E
00
00
41
00
00
00
00
00
DC
00
00
00
3A
00
08
00
00
0E
B8
00
00
00
39
00
04
00
00
45
BE
00
00
01
2F
00
00
00
00
79
87
00
00
3E
1C
00
00
00
00
BA
4A
00
00
5D
17
00
00
00
00
3B
39
00
00
37
08
00
00
00
00
00
00
00
00
00
00
00
00
00
00
00
00
00
10
00
00
00
8A
00
00
00
00
67
FF
00
00
F3
C4
00
00
00
00
27
60
00
00
EB
5F
00
00
00
00
A4
00
00
00
5B
16
00
00
00
3D
D0
00
00
00
0E
01
00
00
00
0C
95
00
00
00
00
00
00
00
00
00
52
00
00
00
00
00
00
00
00
3A
00
00
00
00
00
00
00
00
00
FF
00
00
00
0A
00
00
B9
FF
00
00
00
00
00
00
00
FF
FF
00
00
00
00
00
00
00
FF
FF
00
00
00
00
0C
00
00
00
72
00
00
00
00
00
05
00
00
00
00
00
00
00
00
00
00
00
00
00
00
00
00
00
00
00
00
00
00
00
00
00
00
00
00
00
00
00
00
00
00
00
00
00
00
00
00
00
00
00
00
00
00
00
00
0D
00
00
00
00
00
00
00
00
52
03
00
00
00
03
00
00
00
00
FF
FF
FF
B6
24
00
00
00
00
00
0C
00
00
00
00
00
51
00
00
00
00
00
00
00
00
00
00
00
00
00
00
00
00
00
32
00
00
00
00
00
00
00
00
01
20
00
00
00
00
00
00
00
00
00
00
00
00
00
00
00
00
00
00
00
00
00
00
00
00
0E
00
00
00
00
00
00
00
00
00
00
00
00
00
1F
00
00
00
00
00
00
00
00
4B
32
00
00
00
00
00
00
00
00
00
00
00
5D
00
00
00
00
00
00
00
00
00
00
00
00
00
00
00
00
00
00
00
00
00
00
00
00
00
00
00
00
00
00
00
00
00
00
00
00
00
00
00
00
00
00
00
00
00
00
00
00
00
00
00
00
00
00
00
00
00
00
00
03
00
00
00
00
00
00
00
00
00
05
00
00
00
00
00
00
00
00
00
00
00
00
00
00
00
00
00
00
00
00
