00
00
00
00
4B
AD
F4
BF
B0
84
26
00
00
00
00
00
00
33
D4
FF
FF
FF
FF
FF
65
00
00
00
00
00
34
D2
DD
27
00
00
00
12
3E
00
00
00
00
30
BE
D7
5B
00
09
37
31
00
12
00
00
00
00
3B
64
00
00
0B
00
47
34
00
00
00
00
00
00
01
00
00
09
00
00
4E
2F
00
00
00
00
00
00
01
00
06
01
00
0E
47
0A
00
03
00
00
00
00
00
00
00
00
00
29
4E
00
00
00
00
00
00
00
00
00
00
00
00
3F
38
00
02
00
00
00
00
00
00
00
00
00
00
4E
30
00
00
00
00
00
00
00
00
00
00
00
00
4A
22
00
03
00
00
00
00
00
00
00
00
00
00
3A
00
00
00
00
00
00
00
00
00
00
00
00
00
01
00
03
00
00
00
00
00
00
00
00
00
00
00
01
00
06
00
00
00
00
00
00
00
00
00
00
1E
30
07
22
30
10
00
00
00
00
00
00
00
5F
B8
3D
42
74
4D
1C
00
00
00
00
00
00
4D
D2
C1
51
53
83
55
00
00
00
00
00
00
3E
D4
9B
38
42
36
A0
46
0E
00
00
00
00
0C
89
7A
38
3A
00
00
6B
35
11
00
00
00
00
19
4F
35
34
00
00
22
76
26
12
00
00
00
00
00
07
11
02
00
00
68
5F
16
05
00
00
00
00
00
00
00
00
00
00
76
35
15
00
00
00
00
00
00
00
00
00
00
00
5E
31
14
00
00
00
00
00
00
00
00
00
00
00
79
39
10
00
00
00
00
00
00
00
00
00
00
3C
70
1A
10
00
00
00
00
00
00
00
00
00
00
6A
54
10
00
00
00
00
00
00
00
00
00
00
00
53
05
30
00
00
00
00
00
00
00
00
00
00
00
07
0B
11
00
00
00
00
00
00
00
00
00
15
53
00
00
00
00
00
00
00
00
00
00
00
04
26
15
D4
6B
B8
00
00
00
00
00
00
00
0C
1E
00
1E
FF
FF
FF
FF
01
00
00
00
00
00
42
00
50
67
00
00
4F
22
02
00
00
00
00
00
86
6B
5F
1B
00
00
54
00
1A
00
00
00
00
00
2B
66
1E
00
00
42
4D
00
19
00
00
00
00
00
00
00
00
00
00
5B
3F
1F
00
00
00
00
00
00
00
00
00
00
00
58
2F
17
00
00
00
00
00
00
00
00
00
00
00
58
0F
00
00
00
00
00
00
00
00
00
00
00
0D
50
00
1C
00
00
00
00
00
00
00
00
00
00
51
57
00
0B
00
00
00
00
00
00
00
00
00
00
45
92
3D
00
00
00
00
00
00
00
00
00
00
00
00
55
68
00
00
00
00
00
00
00
00
00
00
00
00
00
00
00
00
00
00
00
00
00
00
00
00
50
9D
4B
62
47
00
00
00
00
00
00
00
00
00
00
92
47
90
FF
21
00
00
00
00
00
00
00
00
6F
0B
00
00
FF
74
00
00
00
00
00
00
00
C5
C1
05
00
00
DD
66
00
00
00
00
00
00
CD
C4
12
00
00
00
EA
41
00
00
00
00
00
00
8E
13
00
00
00
7E
ED
0C
00
00
00
00
00
10
12
00
00
00
00
ED
CD
00
00
00
00
00
00
00
00
00
00
00
00
FC
98
00
00
00
00
00
00
00
00
00
00
00
00
E2
5A
00
00
00
00
00
00
00
00
00
00
00
11
ED
2D
00
00
00
00
00
00
00
00
00
00
00
BA
F1
00
00
00
00
00
00
00
00
00
00
00
00
B4
D6
00
00
00
00
00
00
00
00
00
00
00
00
57
5D
00
00
00
00
00
00
00
00
00
00
00
00
12
00
00
00
00
00
00
00
00
00
01
81
96
00
00
00
00
00
00
00
00
00
00
00
5A
FF
B8
00
01
11
00
00
00
00
00
00
00
5D
D9
E9
00
20
5C
F7
00
00
00
00
00
00
48
FA
D5
00
00
43
AB
FF
00
00
00
00
00
00
8B
FF
00
00
00
00
FF
FF
00
00
00
00
00
00
74
76
01
00
00
01
FF
CA
00
00
00
00
00
00
0C
18
03
00
00
19
FF
16
00
00
00
00
00
00
00
00
00
00
00
62
FF
00
00
00
00
00
00
00
00
00
00
00
00
C6
FF
00
00
00
00
00
00
00
00
00
00
00
00
FF
FF
00
00
00
00
00
00
00
00
00
00
00
00
FF
83
00
00
00
00
00
00
00
00
00
00
00
01
FF
09
00
00
00
00
00
00
00
00
00
00
00
01
7A
2A
00
00
00
00
00
00
00
00
00
00
00
00
0C
18
00
00
00
00
00
00
00
00
00
01
1F
00
00
00
00
00
00
00
00
00
00
00
00
1B
00
00
00
00
00
00
00
00
00
00
00
00
1E
00
72
E6
FF
FF
43
58
00
00
00
00
00
1C
00
71
D6
D3
DF
CE
00
5B
29
00
00
00
00
00
8E
F8
7C
5A
00
08
00
3F
2F
00
00
00
00
34
C5
92
55
00
01
00
08
41
25
00
00
00
00
1E
26
1E
04
00
06
00
40
35
09
00
00
00
00
00
00
00
00
00
00
00
40
2E
00
00
00
00
00
00
00
00
00
00
07
00
2D
2F
00
00
00
00
00
00
00
00
00
00
08
00
41
28
00
00
00
00
00
00
00
00
00
00
00
10
35
1B
00
00
00
00
00
00
00
00
00
00
00
77
3C
01
00
00
00
00
00
00
00
00
00
01
6D
80
50
00
00
00
00
00
00
00
00
00
00
00
26
12
1E
00
00
00
00
00
