0
0
255
193
0
0
0
0
0
0
0
0
0
0
0
0
0
0
0
0
0
0
0
0
0
148
193
0
0
0
31
0
0
0
0
0
0
0
0
0
0
0
0
0
0
0
20
76
0
0
255
0
88
255
102
42
0
255
95
123
0
0
255
0
140
7
0
255
0
95
0
224
255
146
45
0
22
255
255
181
0
0
0
0
68
0
0
50
0
78
0
0
74
8
49
0
15
80
100
76
0
0
0
0
102
162
51
0
0
75
188
0
0
0
108
12
0
0
0
89
0
255
255
54
76
224
0
0
0
189
0
0
59
0
28
0
51
255
0
21
0
255
255
0
61
0
255
240
0
54
0
0
143
0
0
255
255
75
0
0
255
173
0
0
0
26
29
0
0
0
0
0
23
0
1
0
50
255
145
70
201
80
0
0
20
96
18
0
0
60
8
14
14
0
0
0
122
81
0
51
0
115
0
1
255
0
0
0
188
209
0
0
0
255
138
0
66
0
255
25
0
188
14
255
2
127
102
0
198
114
0
0
0
255
126
0
53
0
255
136
0
81
0
255
141
0
213
234
255
177
0
255
220
0
57
255
255
0
108
114
203
121
0
223
96
9
147
0
115
23
0
140
187
255
1
0
0
153
255
9
0
0
179
121
65
8
0
220
0
58
4
0
190
0
62
0
0
186
0
93
0
0
0
16
0
243
0
0
255
0
235
0
61
208
0
14
0
12
149
0
0
0
255
0
10
255
255
0
0
0
255
0
0
12
0
0
0
0
0
0
0
0
0
0
0
0
0
82
0
3
0
0
255
255
36
81
0
0
0
50
0
0
0
1
32
0
14
0
0
0
0
0
0
75
0
0
0
0
0
93
0
0
0
0
0
0
0
0
0
0
0
0
0
0
5
0
0
0
0
0
