0
0
0
0
0
255
193
0
0
0
0
0
0
0
0
0
0
0
0
0
0
0
0
0
0
0
0
0
0
0
0
0
0
0
0
0
0
0
0
0
0
0
0
0
0
0
0
0
0
0
0
0
0
0
0
0
0
0
0
0
0
0
0
0
0
0
0
0
0
0
0
0
0
0
0
0
0
0
0
0
0
0
0
0
0
0
0
0
0
0
0
0
0
0
0
0
0
0
0
0
0
0
193
0
0
0
0
0
0
0
0
148
0
0
0
0
0
0
0
0
31
0
0
0
0
0
0
0
0
0
0
0
0
0
0
0
0
0
0
0
0
0
0
0
0
0
0
0
0
0
0
0
0
0
0
0
0
0
0
0
0
0
0
0
0
0
0
0
0
0
0
0
0
0
0
0
0
0
0
0
0
0
0
20
76
74
0
0
0
0
0
0
1
0
56
0
0
0
0
0
58
255
0
0
0
0
200
0
0
42
255
0
0
0
0
88
255
0
0
102
42
0
0
0
0
255
95
0
0
123
0
0
0
0
0
255
0
0
88
55
0
0
0
0
113
255
0
0
140
31
0
0
0
0
187
198
0
0
97
26
0
7
0
0
255
131
0
0
95
27
0
0
0
0
255
0
0
0
73
16
0
0
0
53
255
0
0
136
45
7
0
0
0
224
255
0
0
146
34
5
0
0
0
0
0
0
0
0
0
14
0
0
0
22
255
255
255
255
181
114
0
0
0
0
0
0
0
0
1
65
0
0
0
0
0
0
0
0
68
51
0
0
0
0
23
7
0
0
78
42
0
0
0
0
50
0
0
0
62
13
0
0
0
0
34
0
0
0
33
7
0
0
0
0
74
0
0
8
49
0
0
0
0
0
80
0
0
100
76
2
0
0
0
15
14
0
0
0
21
8
0
0
0
0
0
0
0
0
0
102
0
0
0
0
0
0
0
0
0
74
160
0
0
51
0
0
0
0
0
73
162
0
0
0
0
0
0
0
43
75
188
0
0
0
0
0
0
0
108
55
118
2
0
0
0
0
0
0
105
47
12
1
0
0
0
0
0
0
89
24
0
0
0
0
0
0
0
0
83
8
0
0
93
62
0
0
0
37
76
0
0
0
255
255
255
0
0
54
54
0
224
0
0
0
0
0
0
0
0
189
90
0
0
0
0
0
0
0
0
75
0
0
0
0
0
0
0
0
0
0
0
0
0
0
0
59
0
0
0
28
0
0
0
0
255
112
0
0
0
21
0
0
0
51
255
0
0
0
0
19
0
0
0
251
255
0
0
0
2
0
0
0
65
255
255
0
0
0
61
0
0
0
113
255
240
0
0
0
54
0
0
0
156
255
7
0
0
0
0
0
0
0
0
0
0
0
0
0
0
0
0
0
0
0
143
47
0
0
0
0
0
0
144
213
75
0
0
0
0
0
255
255
255
255
0
0
0
0
0
0
255
255
173
0
0
0
0
0
0
0
171
125
8
0
0
0
0
0
0
0
26
10
29
0
0
0
0
0
0
0
0
0
16
0
0
0
0
0
0
0
0
0
0
0
0
0
0
0
0
1
0
0
0
0
0
23
0
0
0
0
0
0
0
50
255
255
0
0
0
70
0
0
0
0
134
138
145
0
0
0
39
0
0
60
0
0
0
0
0
0
201
0
0
80
0
0
0
0
0
20
18
96
18
0
0
0
0
0
60
9
10
33
0
0
0
0
0
0
13
0
8
2
0
14
8
14
0
0
0
0
0
0
0
0
0
0
0
0
0
0
0
0
23
46
0
0
0
0
51
0
0
0
21
122
81
0
0
0
6
0
0
0
0
115
0
0
0
0
223
32
0
0
18
16
0
0
0
1
255
54
0
0
0
0
0
0
0
0
186
0
0
0
0
0
0
0
0
188
209
0
0
0
0
0
0
0
67
255
138
0
0
0
0
0
0
0
135
255
85
0
0
0
0
29
0
0
190
255
25
0
0
0
29
66
0
0
255
253
0
0
0
0
56
152
0
0
255
227
2
0
0
0
106
188
0
14
183
150
0
0
127
0
0
102
0
0
0
131
0
114
0
0
0
0
0
0
0
198
0
39
0
0
0
0
0
0
0
211
0
71
0
0
0
0
0
0
0
255
0
126
0
0
0
53
0
0
205
137
0
136
0
0
0
41
0
0
255
24
54
114
0
0
17
0
0
0
255
0
108
76
0
0
81
0
0
0
255
0
141
33
0
0
145
0
0
107
255
0
177
3
0
0
213
0
0
234
78
0
135
0
0
0
0
5
220
0
0
0
0
39
0
0
0
255
10
0
0
0
0
57
0
0
255
255
0
0
0
0
104
34
0
255
248
79
0
0
0
108
114
0
73
203
0
121
0
0
0
223
96
0
79
4
3
113
0
0
0
111
22
0
9
2
98
134
0
0
0
38
23
3
0
0
147
71
0
0
39
115
23
0
0
0
140
0
0
0
210
127
1
0
0
0
118
0
0
187
255
73
0
0
0
0
0
0
0
153
255
196
0
0
0
0
0
0
0
0
255
94
0
9
0
0
0
0
0
0
121
0
0
16
0
0
0
0
0
179
78
0
0
65
0
0
0
0
0
220
0
0
0
58
0
8
0
0
14
184
0
0
0
57
0
4
0
0
69
190
0
0
1
47
0
0
0
0
121
135
0
0
62
28
0
0
0
0
186
74
0
0
93
23
0
0
0
0
59
57
0
0
55
8
0
0
0
0
0
0
0
0
0
0
0
0
0
0
0
0
0
16
0
0
0
138
0
0
0
0
103
255
0
0
243
196
0
0
0
0
39
96
0
0
235
95
0
0
0
0
164
0
0
0
91
22
0
0
0
61
208
0
0
0
14
1
0
0
0
12
149
0
0
0
0
0
0
0
0
0
82
0
0
0
0
0
0
0
0
58
0
0
0
0
0
0
0
0
0
255
0
0
0
10
0
0
185
255
0
0
0
0
0
0
0
255
255
0
0
0
0
0
0
0
255
255
0
0
0
0
12
0
0
0
114
0
0
0
0
0
5
0
0
0
0
0
0
0
0
0
0
0
0
0
0
0
0
0
0
0
0
0
0
0
0
0
0
0
0
0
0
0
0
0
0
0
0
0
0
0
0
0
0
0
0
0
0
0
0
13
0
0
0
0
0
0
0
0
82
3
0
0
0
3
0
0
0
0
255
255
255
182
36
0
0
0
0
0
12
0
0
0
0
0
81
0
0
0
0
0
0
0
0
0
0
0
0
0
0
0
0
0
50
0
0
0
0
0
0
0
0
1
32
0
0
0
0
0
0
0
0
0
0
0
0
0
0
0
0
0
0
0
0
0
0
0
0
14
0
0
0
0
0
0
0
0
0
0
0
0
0
31
0
0
0
0
0
0
0
0
75
50
0
0
0
0
0
0
0
0
0
0
0
93
0
0
0
0
0
0
0
0
0
0
0
0
0
0
0
0
0
0
0
0
0
0
0
0
0
0
0
0
0
0
0
0
0
0
0
0
0
0
0
0
0
0
0
0
0
0
0
0
0
0
0
0
0
0
0
0
0
0
0
3
0
0
0
0
0
0
0
0
0
5
0
0
0
0
0
0
0
0
0
0
0
0
0
0
0
0
0
0
0
0
