0
0
0
0
75
173
244
191
176
132
38
0
0
0
0
0
0
51
212
255
255
255
255
255
101
0
0
0
0
0
52
210
221
39
0
0
0
18
62
0
0
0
0
48
190
215
91
0
9
55
49
0
18
0
0
0
0
59
100
0
0
11
0
71
52
0
0
0
0
0
0
1
0
0
9
0
0
78
47
0
0
0
0
0
0
1
0
6
1
0
14
71
10
0
3
0
0
0
0
0
0
0
0
0
41
78
0
0
0
0
0
0
0
0
0
0
0
0
63
56
0
2
0
0
0
0
0
0
0
0
0
0
78
48
0
0
0
0
0
0
0
0
0
0
0
0
74
34
0
3
0
0
0
0
0
0
0
0
0
0
58
0
0
0
0
0
0
0
0
0
0
0
0
0
1
0
3
0
0
0
0
0
0
0
0
0
0
0
1
0
6
0
0
0
0
0
0
0
0
0
0
30
48
7
34
48
16
0
0
0
0
0
0
0
95
184
61
66
116
77
28
0
0
0
0
0
0
77
210
193
81
83
131
85
0
0
0
0
0
0
62
212
155
56
66
54
160
70
14
0
0
0
0
12
137
122
56
58
0
0
107
53
17
0
0
0
0
25
79
53
52
0
0
34
118
38
18
0
0
0
0
0
7
17
2
0
0
104
95
22
5
0
0
0
0
0
0
0
0
0
0
118
53
21
0
0
0
0
0
0
0
0
0
0
0
94
49
20
0
0
0
0
0
0
0
0
0
0
0
121
57
16
0
0
0
0
0
0
0
0
0
0
60
112
26
16
0
0
0
0
0
0
0
0
0
0
106
84
16
0
0
0
0
0
0
0
0
0
0
0
83
5
48
0
0
0
0
0
0
0
0
0
0
0
7
11
17
0
0
0
0
0
0
0
0
0
21
83
0
0
0
0
0
0
0
0
0
0
0
4
38
21
212
107
184
0
0
0
0
0
0
0
12
30
0
30
255
255
255
255
1
0
0
0
0
0
66
0
80
103
0
0
79
34
2
0
0
0
0
0
134
107
95
27
0
0
84
0
26
0
0
0
0
0
43
102
30
0
0
66
77
0
25
0
0
0
0
0
0
0
0
0
0
91
63
31
0
0
0
0
0
0
0
0
0
0
0
88
47
23
0
0
0
0
0
0
0
0
0
0
0
88
15
0
0
0
0
0
0
0
0
0
0
0
13
80
0
28
0
0
0
0
0
0
0
0
0
0
81
87
0
11
0
0
0
0
0
0
0
0
0
0
69
146
61
0
0
0
0
0
0
0
0
0
0
0
0
85
104
0
0
0
0
0
0
0
0
0
0
0
0
0
0
0
0
0
0
0
0
0
0
0
0
80
157
75
98
71
0
0
0
0
0
0
0
0
0
0
146
71
144
255
33
0
0
0
0
0
0
0
0
111
11
0
0
255
116
0
0
0
0
0
0
0
197
193
5
0
0
221
102
0
0
0
0
0
0
205
196
18
0
0
0
234
65
0
0
0
0
0
0
142
19
0
0
0
126
237
12
0
0
0
0
0
16
18
0
0
0
0
237
205
0
0
0
0
0
0
0
0
0
0
0
0
252
152
0
0
0
0
0
0
0
0
0
0
0
0
226
90
0
0
0
0
0
0
0
0
0
0
0
17
237
45
0
0
0
0
0
0
0
0
0
0
0
186
241
0
0
0
0
0
0
0
0
0
0
0
0
180
214
0
0
0
0
0
0
0
0
0
0
0
0
87
93
0
0
0
0
0
0
0
0
0
0
0
0
18
0
0
0
0
0
0
0
0
0
1
129
150
0
0
0
0
0
0
0
0
0
0
0
90
255
184
0
1
17
0
0
0
0
0
0
0
93
217
233
0
32
92
247
0
0
0
0
0
0
72
250
213
0
0
67
171
255
0
0
0
0
0
0
139
255
0
0
0
0
255
255
0
0
0
0
0
0
116
118
1
0
0
1
255
202
0
0
0
0
0
0
12
24
3
0
0
25
255
22
0
0
0
0
0
0
0
0
0
0
0
98
255
0
0
0
0
0
0
0
0
0
0
0
0
198
255
0
0
0
0
0
0
0
0
0
0
0
0
255
255
0
0
0
0
0
0
0
0
0
0
0
0
255
131
0
0
0
0
0
0
0
0
0
0
0
1
255
9
0
0
0
0
0
0
0
0
0
0
0
1
122
42
0
0
0
0
0
0
0
0
0
0
0
0
12
24
0
0
0
0
0
0
0
0
0
1
31
0
0
0
0
0
0
0
0
0
0
0
0
27
0
0
0
0
0
0
0
0
0
0
0
0
30
0
114
230
255
255
67
88
0
0
0
0
0
28
0
113
214
211
223
206
0
91
41
0
0
0
0
0
142
248
124
90
0
8
0
63
47
0
0
0
0
52
197
146
85
0
1
0
8
65
37
0
0
0
0
30
38
30
4
0
6
0
64
53
9
0
0
0
0
0
0
0
0
0
0
0
64
46
0
0
0
0
0
0
0
0
0
0
7
0
45
47
0
0
0
0
0
0
0
0
0
0
8
0
65
40
0
0
0
0
0
0
0
0
0
0
0
16
53
27
0
0
0
0
0
0
0
0
0
0
0
119
60
1
0
0
0
0
0
0
0
0
0
1
109
128
80
0
0
0
0
0
0
0
0
0
0
0
38
18
30
0
0
0
0
0
