00
00
FF
C1
00
00
00
00
00
00
00
00
00
00
00
00
00
00
00
00
00
00
00
00
00
94
C1
00
00
00
1F
00
00
00
00
00
00
00
00
00
00
00
00
00
00
00
14
4C
00
00
FF
00
58
FF
66
2A
00
FF
5F
7B
00
00
FF
00
8C
07
00
FF
00
5F
00
E0
FF
92
2D
00
16
FF
FF
B5
00
00
00
00
44
00
00
32
00
4E
00
00
4A
08
31
00
0F
50
64
4C
00
00
00
00
66
A2
33
00
00
4B
BC
00
00
00
6C
0C
00
00
00
59
00
FF
FF
36
4C
E0
00
00
00
BD
00
00
3B
00
1C
00
33
FF
00
15
00
FF
FF
00
3D
00
FF
F0
00
36
00
00
8F
00
00
FF
FF
4B
00
00
FF
AD
00
00
00
1A
1D
00
00
00
00
00
17
00
01
00
32
FF
91
46
C9
50
00
00
14
60
12
00
00
3C
08
0E
0E
00
00
00
7A
51
00
33
00
73
00
01
FF
00
00
00
BC
D1
00
00
00
FF
8A
00
42
00
FF
19
00
BC
0E
FF
02
7F
66
00
C6
72
00
00
00
FF
7E
00
35
00
FF
88
00
51
00
FF
8D
00
D5
EA
FF
B1
00
FF
DC
00
39
FF
FF
00
6C
72
CB
79
00
DF
60
09
93
00
73
17
00
8C
BB
FF
01
00
00
99
FF
09
00
00
B3
79
41
08
00
DC
00
3A
04
00
BE
00
3E
00
00
BA
00
5D
00
00
00
10
00
F3
00
00
FF
00
EB
00
3D
D0
00
0E
00
0C
95
00
00
00
FF
00
0A
FF
FF
00
00
00
FF
00
00
0C
00
00
00
00
00
00
00
00
00
00
00
00
00
52
00
03
00
00
FF
FF
24
51
00
00
00
32
00
00
00
01
20
00
0E
00
00
00
00
00
00
4B
00
00
00
00
00
5D
00
00
00
00
00
00
00
00
00
00
00
00
00
00
05
00
00
00
00
00
