00
00
00
00
00
FF
FF
29
00
00
00
00
00
00
00
00
00
FF
3B
00
00
00
00
00
00
00
00
00
00
00
00
00
00
00
00
00
00
00
00
00
00
00
00
00
00
00
00
00
00
00
00
00
00
00
00
00
00
00
00
00
00
00
00
00
00
00
00
00
00
00
00
2E
00
00
00
00
00
00
00
00
00
2F
DD
7E
00
00
00
00
00
00
00
00
74
FF
7B
00
00
00
00
00
00
00
00
00
00
00
00
00
00
00
00
00
00
00
00
00
00
00
00
00
00
00
00
00
00
00
00
00
00
00
00
00
00
00
00
00
00
00
00
00
00
00
00
00
00
00
00
00
00
00
00
00
00
00
00
00
00
00
00
00
00
00
00
00
00
00
00
00
04
00
00
00
00
00
00
00
00
00
26
00
31
00
00
00
00
02
74
CF
00
00
00
00
00
00
00
00
8D
00
00
00
00
1A
FF
00
00
00
00
00
00
00
00
FF
00
00
00
00
00
00
00
00
00
FF
00
00
51
00
00
2E
00
00
B1
C3
00
00
18
00
00
77
4B
00
EB
2F
00
00
43
00
00
FF
9C
00
E0
00
00
00
00
00
00
FF
00
00
CA
00
00
06
00
00
00
FF
00
00
56
00
00
00
00
00
FF
A8
00
00
00
00
00
00
00
00
FF
00
00
40
09
00
00
00
00
B9
00
00
00
38
00
00
00
00
00
00
00
00
00
27
00
00
00
4F
FF
FF
FF
FF
64
1B
00
00
00
00
00
00
00
D6
64
1C
00
00
00
00
00
00
00
00
00
27
13
00
00
00
02
00
00
00
00
00
00
00
00
00
00
00
00
0E
00
00
00
00
00
3C
10
00
00
05
00
00
00
00
00
9A
68
04
4A
3D
00
00
00
00
00
00
2F
E3
FF
80
00
00
00
00
00
00
00
00
00
00
00
6C
00
00
00
00
00
00
00
00
00
00
00
00
00
00
31
3C
00
00
00
00
00
00
00
35
FF
FF
A6
00
00
00
00
00
00
00
F9
FF
FF
13
00
00
00
00
00
00
4F
43
00
00
00
00
00
00
00
00
00
00
00
00
00
00
00
00
00
00
00
00
00
00
00
00
00
00
00
00
00
00
00
00
00
00
FF
00
00
00
00
00
00
00
00
00
FF
FF
00
00
00
00
00
00
00
00
5B
FF
00
00
00
00
00
00
00
00
FF
FF
00
00
00
00
00
00
00
00
FF
75
00
00
00
00
00
00
00
00
FF
00
00
00
00
00
00
00
00
00
FF
00
00
00
00
00
D4
FF
00
00
FF
00
00
00
38
4B
FF
FF
00
00
FF
00
00
00
1A
FA
FF
FE
00
00
E9
00
00
00
00
FF
FF
00
00
00
A6
00
00
00
00
81
00
00
00
00
73
00
00
00
00
00
00
00
00
00
00
00
00
00
00
00
00
00
00
00
00
00
00
00
00
00
00
00
00
00
00
00
00
00
00
28
56
00
00
00
00
00
00
00
00
20
6F
00
00
00
00
00
00
00
00
01
00
00
00
00
00
00
00
00
00
00
00
00
00
00
00
07
00
00
00
00
00
00
00
00
00
00
00
00
00
00
00
00
00
00
00
00
00
00
00
00
00
00
00
00
02
04
00
00
00
00
00
00
08
00
00
13
00
77
D0
FF
00
00
00
00
00
00
00
00
00
FF
FF
E1
00
00
00
1F
00
00
00
00
00
FF
FF
00
00
00
00
12
BD
00
00
00
FF
00
00
00
00
00
13
00
3F
00
33
00
00
00
00
00
6B
00
01
00
15
00
00
00
00
00
FF
92
5F
09
00
00
80
00
00
00
00
FF
FF
30
00
00
EB
FF
00
00
00
00
00
00
00
00
00
FF
FF
ED
00
00
00
00
00
4B
20
00
00
00
85
00
2B
00
00
50
36
00
00
C2
2F
00
77
00
00
6A
00
00
00
98
00
00
00
00
00
61
00
00
64
9B
00
00
00
00
00
48
00
00
CC
FF
00
00
00
00
00
55
00
00
FF
FF
00
00
00
00
00
D3
00
00
33
FF
13
00
00
00
00
B0
05
00
00
02
00
00
00
00
00
AD
89
34
00
00
00
00
00
00
93
3F
88
7A
23
16
3B
00
00
48
08
00
46
1B
00
00
00
00
00
00
00
45
3D
00
00
1F
00
00
00
00
7B
6D
00
00
19
00
00
00
00
00
4D
B2
00
00
BB
00
00
5D
00
00
00
FF
00
00
FF
00
56
80
00
00
00
FF
00
00
FF
00
A2
7C
00
00
00
FF
00
8C
FF
00
7E
F3
00
00
5D
FF
00
BD
FF
00
A2
FF
00
00
FF
89
00
27
FF
D7
FF
EA
00
00
B9
00
00
00
C5
FF
FF
00
00
00
00
00
9A
00
00
00
00
A9
00
00
00
00
88
00
00
00
C4
00
00
00
00
00
00
00
00
CB
16
00
00
00
00
00
00
00
00
D6
00
2C
08
00
00
00
00
00
04
0C
00
56
62
00
00
00
00
00
00
00
00
07
08
00
00
00
00
00
00
00
00
00
00
00
00
7B
00
00
00
00
00
00
00
00
00
FF
00
00
00
00
00
00
00
00
FF
FF
00
00
00
00
00
00
00
FF
FF
28
00
00
00
00
00
00
FF
FF
90
00
00
07
00
00
00
00
00
FF
FF
00
00
D1
00
00
00
00
00
70
FF
46
1D
C7
00
00
00
00
00
00
FF
2A
8F
CE
00
00
00
00
00
00
D1
00
B9
DC
00
00
01
00
00
0C
68
00
AA
FF
00
00
00
00
00
88
00
00
00
FF
FF
00
00
00
00
00
00
00
00
26
FF
00
00
00
00
00
00
8A
00
00
00
00
00
00
00
00
06
01
00
00
00
00
00
00
00
00
00
00
00
00
00
00
00
00
00
00
00
00
00
00
B9
62
00
00
00
00
7B
21
00
44
FF
45
00
00
00
00
48
B9
00
67
B8
00
00
00
00
00
00
92
00
A5
7B
00
00
00
00
00
10
71
00
CB
9E
00
00
00
00
00
38
0F
00
00
5C
00
00
00
00
00
59
00
00
00
00
00
00
00
00
00
00
00
00
00
00
00
00
00
00
00
00
00
00
00
00
FF
FF
00
00
00
00
00
00
00
FF
FF
00
00
00
00
00
00
00
00
1A
00
00
00
00
00
00
00
00
00
00
00
00
00
00
00
00
00
00
00
00
00
00
00
00
00
00
00
00
00
00
00
00
00
00
00
00
00
00
00
00
00
00
00
00
00
00
00
00
00
00
00
00
00
00
00
00
00
0F
00
00
00
00
00
00
FF
3F
00
00
00
00
00
00
00
FF
5D
00
00
00
00
60
5E
79
81
4A
00
00
00
00
0F
6F
33
98
8D
10
1A
42
00
00
00
00
00
00
00
00
00
00
00
00
00
00
00
00
00
00
00
00
03
00
00
00
00
00
00
00
00
00
00
00
00
00
0F
00
00
00
00
00
00
00
00
00
2A
00
00
0D
00
00
00
00
00
00
00
00
00
00
00
00
00
00
00
00
00
00
00
00
00
00
00
00
00
00
69
23
CC
54
00
00
1F
00
00
00
00
00
00
00
FF
FF
FF
00
00
0A
00
00
00
00
00
00
2E
00
00
00
00
00
00
00
00
00
00
00
00
00
00
00
02
00
00
00
00
00
00
00
00
00
0F
00
00
00
00
00
00
00
00
00
00
00
00
00
00
00
00
00
00
00
00
00
1E
00
00
00
00
00
5A
21
00
00
00
00
00
00
00
00
1A
EB
FF
DF
00
00
00
00
00
00
00
00
00
16
00
00
00
