00
00
00
00
05
35
8E
A9
6F
27
00
00
00
00
00
00
00
02
58
FF
FF
FF
FF
FE
B2
21
00
00
00
00
00
36
A6
B5
20
00
54
B0
C7
7D
02
00
00
00
00
4E
81
00
04
00
00
00
4D
6F
4A
00
00
00
10
56
3E
00
07
00
00
00
00
3F
57
00
00
00
2E
4F
00
01
00
00
00
28
14
16
27
00
00
00
3F
35
00
0A
00
00
00
41
2C
00
08
00
00
00
40
09
1B
14
00
00
00
4F
32
00
00
00
00
00
40
00
28
32
00
00
0D
67
26
00
03
00
00
00
2F
0A
60
97
2D
01
4E
A4
11
00
00
00
00
00
01
00
57
ED
FF
FF
FF
CA
00
06
00
00
00
00
01
01
00
32
D1
FF
FA
00
06
08
00
00
00
00
00
00
01
00
00
00
00
00
07
00
00
00
00
00
00
00
00
00
00
00
00
02
00
00
00
00
00
00
00
00
00
00
05
26
1E
17
00
00
00
00
00
00
00
00
00
75
9B
41
35
31
35
0E
00
00
00
00
00
00
75
D3
53
64
57
08
25
29
01
00
00
00
00
08
8D
5D
54
52
84
6A
25
23
14
00
00
00
00
62
6B
1C
26
00
00
3A
3C
4A
01
00
00
00
00
71
43
1C
00
00
00
00
65
50
06
00
00
00
00
5C
26
1B
00
00
00
00
5A
34
0C
00
00
00
00
6B
2F
15
00
00
00
00
78
34
14
00
00
00
00
6E
30
13
00
00
00
31
7B
24
10
00
00
00
0B
47
2F
2A
17
00
00
A9
96
1E
00
00
00
00
0E
53
28
14
23
29
B9
C6
03
2B
00
00
00
00
00
59
63
62
24
33
9B
27
30
10
00
00
00
00
00
00
2A
67
65
4F
44
3D
2C
00
00
00
00
00
00
00
00
00
01
0B
10
0A
00
00
00
00
00
00
00
00
00
09
06
00
00
00
00
00
00
00
00
00
00
00
2D
23
15
63
00
00
00
00
00
00
00
00
00
00
46
0E
D3
FF
FF
FF
E4
00
00
00
00
00
00
40
57
00
40
00
00
FF
FF
00
00
00
00
00
00
5E
2F
2B
0F
00
00
00
FF
71
00
00
00
00
00
56
22
22
00
00
00
00
97
5F
00
00
00
00
00
76
05
00
00
00
00
00
59
17
06
00
00
00
00
97
00
00
00
00
00
09
5A
00
20
00
00
00
00
BB
00
00
00
00
00
35
46
09
07
00
00
00
00
FF
E1
00
00
00
21
34
00
41
00
00
00
00
00
5E
FF
FF
00
00
00
00
58
51
00
00
00
00
00
00
B1
FF
FF
FF
FF
A6
56
00
00
00
00
00
00
00
00
00
6A
C6
B2
7F
0C
00
00
00
00
00
00
00
00
00
00
00
00
00
00
00
00
00
00
00
00
00
00
00
67
5B
20
00
00
00
00
00
00
00
00
00
00
00
18
94
96
F7
8D
00
00
00
00
00
00
00
00
00
47
00
00
BE
FF
A6
00
00
00
00
00
00
00
DF
A8
00
00
00
FF
FF
00
00
00
00
00
00
C3
D4
00
00
00
00
00
FF
4A
00
00
00
00
00
F2
A3
00
00
00
00
00
F9
64
00
00
00
00
00
F6
53
00
00
00
00
00
D5
57
00
00
00
00
00
FF
1B
00
00
00
00
10
FB
2D
00
00
00
00
00
FF
1A
00
00
00
00
91
ED
00
00
00
00
00
00
FF
DC
00
00
00
00
C0
C4
00
00
00
00
00
00
74
FF
95
6E
00
16
E7
4C
00
00
00
00
00
00
00
00
03
14
00
D6
CD
00
00
00
00
00
00
00
00
00
00
00
28
8B
00
00
00
00
00
00
00
00
00
00
00
02
06
00
00
00
00
00
00
00
00
00
10
42
30
00
00
00
00
00
00
00
00
00
00
06
AA
D2
43
00
00
00
00
00
00
00
00
00
00
5F
FF
96
21
1D
0E
04
00
00
00
00
00
00
00
FF
FF
00
33
73
96
FF
6D
00
00
00
00
00
1A
FF
53
00
00
00
18
FF
FF
00
00
00
00
00
6E
FF
00
00
00
00
00
94
FF
00
00
00
00
00
CE
FF
00
00
00
00
00
C8
FF
00
00
00
00
00
F9
FF
00
00
00
00
00
FF
FF
00
00
00
00
00
FD
FF
00
00
00
00
1E
FF
81
00
00
00
00
00
DD
FF
00
00
00
03
BD
FF
00
00
00
00
00
00
6C
FE
B5
00
00
00
DE
7D
00
00
00
00
00
00
0A
B6
D0
5F
00
00
25
00
00
00
00
00
00
00
00
17
84
95
6B
5E
22
00
00
00
00
00
00
00
00
00
00
01
0D
16
0B
00
00
00
00
00
00
00
00
00
12
13
00
00
00
00
00
00
00
00
00
00
00
07
14
00
00
00
00
00
00
00
00
00
00
00
00
16
00
CF
C8
DA
41
00
00
00
00
00
00
00
00
0B
2E
CB
FF
FF
FF
47
29
00
00
00
00
00
08
00
5B
46
3D
00
37
56
00
24
00
00
00
00
00
00
47
36
00
00
00
0A
00
49
13
00
00
00
00
00
2B
32
00
00
00
08
00
35
29
00
00
00
00
00
22
22
00
00
00
02
00
41
2B
00
00
00
00
00
24
0B
00
00
19
00
27
36
19
00
00
00
00
00
00
00
00
03
11
00
66
35
00
00
00
00
2C
00
00
00
00
00
00
9C
7F
50
00
00
00
00
17
65
5E
39
00
00
D5
A8
59
1B
00
00
00
00
00
3A
9C
F6
F1
FF
FF
8F
47
00
00
00
00
00
00
00
00
03
20
28
21
11
00
00
00
00
