0
0
0
0
0
255
255
41
0
0
0
0
0
0
0
0
0
255
59
0
0
0
0
0
0
0
0
0
0
0
0
0
0
0
0
0
0
0
0
0
0
0
0
0
0
0
0
0
0
0
0
0
0
0
0
0
0
0
0
0
0
0
0
0
0
0
0
0
0
0
0
46
0
0
0
0
0
0
0
0
0
47
221
126
0
0
0
0
0
0
0
0
116
255
123
0
0
0
0
0
0
0
0
0
0
0
0
0
0
0
0
0
0
0
0
0
0
0
0
0
0
0
0
0
0
0
0
0
0
0
0
0
0
0
0
0
0
0
0
0
0
0
0
0
0
0
0
0
0
0
0
0
0
0
0
0
0
0
0
0
0
0
0
0
0
0
0
0
4
0
0
0
0
0
0
0
0
0
38
0
49
0
0
0
0
2
116
207
0
0
0
0
0
0
0
0
141
0
0
0
0
26
255
0
0
0
0
0
0
0
0
255
0
0
0
0
0
0
0
0
0
255
0
0
81
0
0
46
0
0
177
195
0
0
24
0
0
119
75
0
235
47
0
0
67
0
0
255
156
0
224
0
0
0
0
0
0
255
0
0
202
0
0
6
0
0
0
255
0
0
86
0
0
0
0
0
255
168
0
0
0
0
0
0
0
0
255
0
0
64
9
0
0
0
0
185
0
0
0
56
0
0
0
0
0
0
0
0
0
39
0
0
0
79
255
255
255
255
100
27
0
0
0
0
0
0
0
214
100
28
0
0
0
0
0
0
0
0
0
39
19
0
0
0
2
0
0
0
0
0
0
0
0
0
0
0
0
14
0
0
0
0
0
60
16
0
0
5
0
0
0
0
0
154
104
4
74
61
0
0
0
0
0
0
47
227
255
128
0
0
0
0
0
0
0
0
0
0
0
108
0
0
0
0
0
0
0
0
0
0
0
0
0
0
49
60
0
0
0
0
0
0
0
53
255
255
166
0
0
0
0
0
0
0
249
255
255
19
0
0
0
0
0
0
79
67
0
0
0
0
0
0
0
0
0
0
0
0
0
0
0
0
0
0
0
0
0
0
0
0
0
0
0
0
0
0
0
0
0
0
255
0
0
0
0
0
0
0
0
0
255
255
0
0
0
0
0
0
0
0
91
255
0
0
0
0
0
0
0
0
255
255
0
0
0
0
0
0
0
0
255
117
0
0
0
0
0
0
0
0
255
0
0
0
0
0
0
0
0
0
255
0
0
0
0
0
212
255
0
0
255
0
0
0
56
75
255
255
0
0
255
0
0
0
26
250
255
254
0
0
233
0
0
0
0
255
255
0
0
0
166
0
0
0
0
129
0
0
0
0
115
0
0
0
0
0
0
0
0
0
0
0
0
0
0
0
0
0
0
0
0
0
0
0
0
0
0
0
0
0
0
0
0
0
0
40
86
0
0
0
0
0
0
0
0
32
111
0
0
0
0
0
0
0
0
1
0
0
0
0
0
0
0
0
0
0
0
0
0
0
0
7
0
0
0
0
0
0
0
0
0
0
0
0
0
0
0
0
0
0
0
0
0
0
0
0
0
0
0
0
2
4
0
0
0
0
0
0
8
0
0
19
0
119
208
255
0
0
0
0
0
0
0
0
0
255
255
225
0
0
0
31
0
0
0
0
0
255
255
0
0
0
0
18
189
0
0
0
255
0
0
0
0
0
19
0
63
0
51
0
0
0
0
0
107
0
1
0
21
0
0
0
0
0
255
146
95
9
0
0
128
0
0
0
0
255
255
48
0
0
235
255
0
0
0
0
0
0
0
0
0
255
255
237
0
0
0
0
0
75
32
0
0
0
133
0
43
0
0
80
54
0
0
194
47
0
119
0
0
106
0
0
0
152
0
0
0
0
0
97
0
0
100
155
0
0
0
0
0
72
0
0
204
255
0
0
0
0
0
85
0
0
255
255
0
0
0
0
0
211
0
0
51
255
19
0
0
0
0
176
5
0
0
2
0
0
0
0
0
173
137
52
0
0
0
0
0
0
147
63
136
122
35
22
59
0
0
72
8
0
70
27
0
0
0
0
0
0
0
69
61
0
0
31
0
0
0
0
123
109
0
0
25
0
0
0
0
0
77
178
0
0
187
0
0
93
0
0
0
255
0
0
255
0
86
128
0
0
0
255
0
0
255
0
162
124
0
0
0
255
0
140
255
0
126
243
0
0
93
255
0
189
255
0
162
255
0
0
255
137
0
39
255
215
255
234
0
0
185
0
0
0
197
255
255
0
0
0
0
0
154
0
0
0
0
169
0
0
0
0
136
0
0
0
196
0
0
0
0
0
0
0
0
203
22
0
0
0
0
0
0
0
0
214
0
44
8
0
0
0
0
0
4
12
0
86
98
0
0
0
0
0
0
0
0
7
8
0
0
0
0
0
0
0
0
0
0
0
0
123
0
0
0
0
0
0
0
0
0
255
0
0
0
0
0
0
0
0
255
255
0
0
0
0
0
0
0
255
255
40
0
0
0
0
0
0
255
255
144
0
0
7
0
0
0
0
0
255
255
0
0
209
0
0
0
0
0
112
255
70
29
199
0
0
0
0
0
0
255
42
143
206
0
0
0
0
0
0
209
0
185
220
0
0
1
0
0
12
104
0
170
255
0
0
0
0
0
136
0
0
0
255
255
0
0
0
0
0
0
0
0
38
255
0
0
0
0
0
0
138
0
0
0
0
0
0
0
0
6
1
0
0
0
0
0
0
0
0
0
0
0
0
0
0
0
0
0
0
0
0
0
0
185
98
0
0
0
0
123
33
0
68
255
69
0
0
0
0
72
185
0
103
184
0
0
0
0
0
0
146
0
165
123
0
0
0
0
0
16
113
0
203
158
0
0
0
0
0
56
15
0
0
92
0
0
0
0
0
89
0
0
0
0
0
0
0
0
0
0
0
0
0
0
0
0
0
0
0
0
0
0
0
0
255
255
0
0
0
0
0
0
0
255
255
0
0
0
0
0
0
0
0
26
0
0
0
0
0
0
0
0
0
0
0
0
0
0
0
0
0
0
0
0
0
0
0
0
0
0
0
0
0
0
0
0
0
0
0
0
0
0
0
0
0
0
0
0
0
0
0
0
0
0
0
0
0
0
0
0
0
15
0
0
0
0
0
0
255
63
0
0
0
0
0
0
0
255
93
0
0
0
0
96
94
121
129
74
0
0
0
0
15
111
51
152
141
16
26
66
0
0
0
0
0
0
0
0
0
0
0
0
0
0
0
0
0
0
0
0
3
0
0
0
0
0
0
0
0
0
0
0
0
0
15
0
0
0
0
0
0
0
0
0
42
0
0
13
0
0
0
0
0
0
0
0
0
0
0
0
0
0
0
0
0
0
0
0
0
0
0
0
0
0
105
35
204
84
0
0
31
0
0
0
0
0
0
0
255
255
255
0
0
10
0
0
0
0
0
0
46
0
0
0
0
0
0
0
0
0
0
0
0
0
0
0
2
0
0
0
0
0
0
0
0
0
15
0
0
0
0
0
0
0
0
0
0
0
0
0
0
0
0
0
0
0
0
0
30
0
0
0
0
0
90
33
0
0
0
0
0
0
0
0
26
235
255
223
0
0
0
0
0
0
0
0
0
22
0
0
0
