0
0
255
255
59
0
0
0
0
0
0
0
0
0
0
46
0
0
0
0
47
255
123
0
0
0
0
0
0
0
0
0
0
0
0
0
0
0
0
0
0
0
0
0
38
49
0
2
207
0
255
255
0
0
0
255
0
81
119
75
235
0
67
255
156
202
6
0
255
0
9
0
185
255
64
0
79
255
255
100
0
0
0
214
100
19
0
2
14
0
0
154
104
74
0
0
0
227
255
108
0
0
60
0
0
0
53
255
255
0
0
0
79
0
0
0
0
0
0
0
255
0
0
0
0
255
0
0
0
0
255
0
0
0
0
255
0
75
255
0
255
0
255
255
0
166
0
129
0
0
0
0
0
0
0
0
0
40
111
0
0
0
1
0
0
7
0
0
0
0
4
0
0
0
8
19
119
255
255
0
31
18
189
255
255
0
0
107
63
51
128
0
255
255
0
255
255
0
0
75
54
194
133
119
106
0
155
0
0
97
0
255
0
0
211
5
255
19
0
176
137
35
59
72
147
70
31
0
0
123
0
187
93
0
255
0
255
162
0
255
189
255
255
0
255
39
255
255
0
185
154
0
196
0
0
0
214
44
8
0
0
12
86
98
0
0
0
0
0
255
0
0
0
255
255
7
0
0
255
255
209
0
0
112
255
220
0
1
12
209
255
255
0
136
0
38
255
0
0
138
0
0
0
0
0
68
255
0
0
185
165
184
0
0
146
203
158
0
0
89
0
0
0
0
0
0
255
255
0
0
0
26
0
0
0
0
0
0
0
0
0
0
0
0
0
15
0
0
255
63
15
111
152
74
66
0
0
0
0
3
0
15
0
0
0
0
42
0
13
0
0
105
204
84
31
0
10
0
255
255
0
0
2
0
0
0
0
15
0
0
0
90
33
30
0
0
26
255
223
0
