0
0
0
0
5
53
142
169
111
39
0
0
0
0
0
0
0
2
88
255
255
255
255
254
178
33
0
0
0
0
0
54
166
181
32
0
84
176
199
125
2
0
0
0
0
78
129
0
4
0
0
0
77
111
74
0
0
0
16
86
62
0
7
0
0
0
0
63
87
0
0
0
46
79
0
1
0
0
0
40
20
22
39
0
0
0
63
53
0
10
0
0
0
65
44
0
8
0
0
0
64
9
27
20
0
0
0
79
50
0
0
0
0
0
64
0
40
50
0
0
13
103
38
0
3
0
0
0
47
10
96
151
45
1
78
164
17
0
0
0
0
0
1
0
87
237
255
255
255
202
0
6
0
0
0
0
1
1
0
50
209
255
250
0
6
8
0
0
0
0
0
0
1
0
0
0
0
0
7
0
0
0
0
0
0
0
0
0
0
0
0
2
0
0
0
0
0
0
0
0
0
0
5
38
30
23
0
0
0
0
0
0
0
0
0
117
155
65
53
49
53
14
0
0
0
0
0
0
117
211
83
100
87
8
37
41
1
0
0
0
0
8
141
93
84
82
132
106
37
35
20
0
0
0
0
98
107
28
38
0
0
58
60
74
1
0
0
0
0
113
67
28
0
0
0
0
101
80
6
0
0
0
0
92
38
27
0
0
0
0
90
52
12
0
0
0
0
107
47
21
0
0
0
0
120
52
20
0
0
0
0
110
48
19
0
0
0
49
123
36
16
0
0
0
11
71
47
42
23
0
0
169
150
30
0
0
0
0
14
83
40
20
35
41
185
198
3
43
0
0
0
0
0
89
99
98
36
51
155
39
48
16
0
0
0
0
0
0
42
103
101
79
68
61
44
0
0
0
0
0
0
0
0
0
1
11
16
10
0
0
0
0
0
0
0
0
0
9
6
0
0
0
0
0
0
0
0
0
0
0
45
35
21
99
0
0
0
0
0
0
0
0
0
0
70
14
211
255
255
255
228
0
0
0
0
0
0
64
87
0
64
0
0
255
255
0
0
0
0
0
0
94
47
43
15
0
0
0
255
113
0
0
0
0
0
86
34
34
0
0
0
0
151
95
0
0
0
0
0
118
5
0
0
0
0
0
89
23
6
0
0
0
0
151
0
0
0
0
0
9
90
0
32
0
0
0
0
187
0
0
0
0
0
53
70
9
7
0
0
0
0
255
225
0
0
0
33
52
0
65
0
0
0
0
0
94
255
255
0
0
0
0
88
81
0
0
0
0
0
0
177
255
255
255
255
166
86
0
0
0
0
0
0
0
0
0
106
198
178
127
12
0
0
0
0
0
0
0
0
0
0
0
0
0
0
0
0
0
0
0
0
0
0
0
103
91
32
0
0
0
0
0
0
0
0
0
0
0
24
148
150
247
141
0
0
0
0
0
0
0
0
0
71
0
0
190
255
166
0
0
0
0
0
0
0
223
168
0
0
0
255
255
0
0
0
0
0
0
195
212
0
0
0
0
0
255
74
0
0
0
0
0
242
163
0
0
0
0
0
249
100
0
0
0
0
0
246
83
0
0
0
0
0
213
87
0
0
0
0
0
255
27
0
0
0
0
16
251
45
0
0
0
0
0
255
26
0
0
0
0
145
237
0
0
0
0
0
0
255
220
0
0
0
0
192
196
0
0
0
0
0
0
116
255
149
110
0
22
231
76
0
0
0
0
0
0
0
0
3
20
0
214
205
0
0
0
0
0
0
0
0
0
0
0
40
139
0
0
0
0
0
0
0
0
0
0
0
2
6
0
0
0
0
0
0
0
0
0
16
66
48
0
0
0
0
0
0
0
0
0
0
6
170
210
67
0
0
0
0
0
0
0
0
0
0
95
255
150
33
29
14
4
0
0
0
0
0
0
0
255
255
0
51
115
150
255
109
0
0
0
0
0
26
255
83
0
0
0
24
255
255
0
0
0
0
0
110
255
0
0
0
0
0
148
255
0
0
0
0
0
206
255
0
0
0
0
0
200
255
0
0
0
0
0
249
255
0
0
0
0
0
255
255
0
0
0
0
0
253
255
0
0
0
0
30
255
129
0
0
0
0
0
221
255
0
0
0
3
189
255
0
0
0
0
0
0
108
254
181
0
0
0
222
125
0
0
0
0
0
0
10
182
208
95
0
0
37
0
0
0
0
0
0
0
0
23
132
149
107
94
34
0
0
0
0
0
0
0
0
0
0
1
13
22
11
0
0
0
0
0
0
0
0
0
18
19
0
0
0
0
0
0
0
0
0
0
0
7
20
0
0
0
0
0
0
0
0
0
0
0
0
22
0
207
200
218
65
0
0
0
0
0
0
0
0
11
46
203
255
255
255
71
41
0
0
0
0
0
8
0
91
70
61
0
55
86
0
36
0
0
0
0
0
0
71
54
0
0
0
10
0
73
19
0
0
0
0
0
43
50
0
0
0
8
0
53
41
0
0
0
0
0
34
34
0
0
0
2
0
65
43
0
0
0
0
0
36
11
0
0
25
0
39
54
25
0
0
0
0
0
0
0
0
3
17
0
102
53
0
0
0
0
44
0
0
0
0
0
0
156
127
80
0
0
0
0
23
101
94
57
0
0
213
168
89
27
0
0
0
0
0
58
156
246
241
255
255
143
71
0
0
0
0
0
0
0
0
3
32
40
33
17
0
0
0
0
