00
00
00
00
00
00
00
00
00
00
00
00
00
00
00
00
00
00
00
00
00
00
00
00
00
00
00
00
00
00
00
00
00
00
00
00
00
00
00
00
00
00
00
00
00
00
00
00
00
00
00
00
00
00
00
00
00
00
00
00
00
00
00
00
00
00
00
00
00
00
00
00
00
00
00
00
00
00
00
00
00
00
00
00
50
00
00
00
00
00
00
00
00
00
00
00
00
00
00
00
00
00
00
00
00
74
00
00
00
00
00
00
00
00
1C
08
00
00
00
00
00
00
00
00
00
00
00
00
00
00
00
00
00
00
00
00
00
00
00
00
00
00
00
00
00
00
00
00
00
00
00
00
00
00
00
00
00
00
00
00
00
17
41
26
00
00
00
00
00
00
0A
09
47
00
00
00
00
00
00
00
00
00
00
00
00
00
00
00
00
00
00
00
00
00
00
00
00
00
00
00
00
00
00
4C
FF
00
00
9B
27
02
00
00
00
FF
94
00
00
72
19
02
00
00
00
FF
00
00
11
3E
1C
00
00
00
1D
FF
00
00
80
25
0E
00
00
00
C3
FF
00
00
8C
1C
06
00
00
00
FF
39
00
00
59
1E
00
00
00
00
FF
00
00
2A
37
18
00
00
00
A6
FF
00
00
AC
29
0C
00
00
00
AD
2B
00
00
69
20
03
00
00
36
3A
00
00
00
52
24
00
00
00
00
00
00
00
00
00
1C
69
19
00
00
00
00
25
17
00
37
67
0E
02
00
00
00
3E
00
00
09
26
00
00
00
00
00
17
00
00
50
37
11
00
00
00
2B
01
00
00
27
0B
00
00
00
00
39
00
00
00
37
00
00
00
00
00
64
00
00
36
41
00
00
00
00
00
33
00
00
01
2C
12
00
00
00
2D
00
00
00
00
00
00
00
00
01
09
00
00
39
13
0A
00
00
00
00
00
00
00
00
00
00
15
47
00
00
00
00
00
00
00
00
42
23
00
00
00
00
00
00
00
04
3C
04
00
00
00
00
00
00
00
4C
33
00
00
00
00
00
00
00
00
67
2F
00
00
00
00
00
00
00
00
49
17
01
00
18
00
00
00
00
00
42
00
00
00
FF
FF
FF
00
00
1F
2D
00
00
00
FF
FF
FF
00
00
00
24
02
00
00
FF
FF
FF
1D
00
00
00
01
00
00
00
00
7B
FF
01
00
00
00
78
00
00
12
FF
FF
00
00
00
00
0D
00
00
34
FF
FF
00
00
00
00
00
00
00
6E
FF
B7
00
00
00
00
00
00
00
C7
FF
00
00
00
00
00
00
00
21
FF
FF
00
00
00
00
00
00
00
57
FF
FF
00
00
00
0C
00
00
00
8F
FF
5D
00
00
00
00
00
00
00
84
C8
00
00
00
00
00
00
00
00
44
09
00
00
00
00
00
00
00
00
00
27
00
00
00
00
00
00
00
03
04
1D
00
00
00
00
00
00
00
00
14
0E
00
00
00
00
00
00
00
00
29
0A
00
00
00
00
00
00
01
00
19
00
00
00
00
00
00
00
00
00
14
00
00
00
00
00
00
00
00
00
00
00
00
00
00
00
00
04
00
00
00
00
00
00
00
00
00
00
00
00
00
00
10
FE
A7
00
00
00
00
00
1B
48
D0
FF
BA
17
17
00
00
00
00
01
00
00
00
00
00
00
1D
00
00
0B
00
00
00
00
00
00
00
00
00
00
00
00
00
00
00
00
00
00
00
00
00
00
00
00
21
1A
00
00
06
00
00
00
00
00
00
00
00
00
09
07
00
00
00
00
00
00
00
00
13
28
00
00
00
00
1E
00
00
00
19
73
2A
00
00
00
1D
00
00
00
00
23
74
93
00
00
00
01
00
00
00
00
00
60
59
00
00
00
00
00
00
00
0E
00
00
1A
BF
4F
3E
00
00
06
39
00
00
C9
E8
54
32
00
00
0A
2A
00
00
FF
B9
00
00
00
00
05
00
00
0D
FF
8E
00
00
00
00
20
00
00
85
FF
56
00
00
00
10
40
00
00
FC
FA
11
00
00
00
2F
89
00
00
FF
EA
00
00
00
00
63
BB
00
00
CC
B7
00
00
00
00
70
50
00
10
10
32
00
00
00
00
28
00
00
00
00
00
00
00
00
00
00
00
2D
00
00
D6
46
16
7E
00
01
15
15
00
00
FF
00
1B
3C
00
00
4E
00
00
00
FF
00
71
1B
00
00
68
00
00
87
9C
00
92
00
00
00
42
00
00
FF
20
10
81
00
00
23
00
00
00
FF
0A
62
43
00
00
73
00
00
0E
FF
00
A7
0E
00
00
C8
00
00
A9
90
00
98
00
00
00
D8
00
00
70
00
00
4F
00
00
00
5F
00
00
00
00
00
08
00
00
00
00
4B
9B
00
00
00
55
7A
18
01
01
79
97
00
00
00
A0
35
10
00
09
8A
2C
00
00
90
90
00
00
00
25
98
00
00
00
C2
6A
00
00
00
51
B7
00
00
00
A4
2B
00
00
00
80
92
00
00
0A
89
1A
01
00
00
81
13
00
00
A8
74
02
00
00
00
7A
00
00
00
FF
63
00
00
00
00
56
00
00
FF
FF
1D
00
00
00
00
0C
00
00
DF
4F
00
03
00
00
00
00
00
00
00
8B
00
00
00
54
01
00
00
00
31
7B
00
00
00
2F
00
00
00
00
9C
36
00
00
42
1C
00
00
00
00
B1
00
00
00
49
18
00
00
00
00
9D
00
00
00
3F
06
00
00
00
5F
96
00
00
11
27
03
00
00
00
A1
59
00
00
5F
1E
00
00
00
00
43
27
00
00
49
12
00
00
00
00
00
02
48
00
26
05
00
00
00
00
00
00
1F
00
2A
01
00
00
00
00
00
00
00
0C
00
00
00
00
00
00
00
00
00
8F
00
00
00
01
00
00
00
00
1A
61
00
00
00
01
00
00
00
00
9E
14
00
00
00
00
00
00
00
0B
D2
00
00
00
10
00
00
00
00
00
86
00
00
00
01
00
00
00
00
03
19
00
00
00
00
00
00
00
00
E3
00
00
00
09
00
00
00
00
3F
FF
00
00
00
0D
00
00
00
5A
8D
8E
01
00
00
00
00
00
00
00
00
00
00
34
00
00
00
00
01
00
00
00
2D
00
00
00
00
00
00
00
00
00
00
00
00
00
00
01
02
00
00
00
00
00
00
00
00
00
00
00
00
00
00
00
00
00
08
00
00
00
00
00
00
00
00
00
02
00
00
00
00
00
00
00
00
00
00
00
00
00
23
08
00
00
00
03
00
00
00
00
6C
00
00
00
00
07
00
00
00
12
00
00
00
00
00
01
00
00
00
00
00
00
02
00
09
08
00
00
00
00
00
00
00
00
00
00
00
00
00
00
07
00
00
00
20
00
00
00
00
00
00
00
00
00
21
00
00
00
00
00
00
00
00
00
00
00
00
00
00
00
00
00
00
00
00
00
00
00
00
00
00
00
00
17
00
00
00
00
00
00
00
00
1F
37
00
00
00
00
00
11
00
00
7F
34
00
00
00
00
00
00
00
00
0A
00
00
00
00
00
00
00
00
00
00
00
00
00
15
00
00
00
00
00
00
00
00
00
05
00
00
00
00
00
00
00
00
00
00
00
00
00
00
00
00
00
00
00
00
00
00
00
0A
00
00
00
00
00
00
00
00
00
00
00
00
00
00
07
00
00
00
00
00
00
00
00
00
00
00
00
00
00
00
00
00
00
00
00
00
00
00
00
00
00
00
00
05
01
00
00
30
46
00
00
00
00
00
00
00
00
