00
00
00
00
00
00
44
8B
7A
05
00
00
00
00
00
00
00
00
00
03
54
A2
9E
00
00
00
00
00
00
00
00
00
00
28
5C
0B
00
01
00
00
00
00
00
00
00
00
00
44
51
00
04
00
00
00
00
00
00
00
00
00
00
4C
45
00
00
00
00
00
00
00
00
00
00
00
09
44
10
00
04
00
00
00
00
00
00
00
00
00
32
4F
00
00
00
00
00
00
00
00
00
00
00
00
48
50
00
04
00
00
00
00
00
00
00
00
00
00
52
27
00
02
00
00
00
00
00
00
00
00
00
00
37
00
00
03
00
00
00
00
00
00
00
00
00
00
00
00
00
00
00
00
00
00
00
00
00
00
00
00
02
00
06
00
00
00
00
00
00
00
00
00
00
00
00
00
00
00
00
00
00
00
00
00
00
00
00
00
00
00
00
00
00
00
00
00
00
00
00
00
00
00
00
00
00
2D
51
02
00
00
00
00
00
00
00
00
00
00
33
60
45
00
00
00
00
00
00
00
00
00
00
00
70
6A
1D
02
00
00
00
00
00
00
00
00
00
00
6B
41
18
00
00
00
00
00
00
00
00
00
00
15
72
28
19
00
00
00
00
00
00
00
00
00
00
57
5D
15
0B
00
00
00
00
00
00
00
00
00
00
75
49
14
00
00
00
00
00
00
00
00
00
00
00
6C
37
19
00
00
00
00
00
00
00
00
00
00
13
74
28
1B
00
00
00
00
00
00
00
00
00
00
56
68
15
05
00
00
00
00
00
00
00
00
00
00
5E
11
2C
00
00
00
00
00
00
00
00
00
00
00
0A
15
24
00
00
00
00
00
00
00
00
00
00
00
00
00
00
00
00
00
00
00
00
00
00
00
00
00
00
00
00
00
00
00
00
00
00
00
00
00
00
00
00
00
12
6A
00
00
00
00
00
00
00
00
00
00
00
00
66
6C
0C
06
00
00
00
00
00
00
00
00
00
00
51
23
32
02
00
00
00
00
00
00
00
00
00
00
57
00
22
00
00
00
00
00
00
00
00
00
00
35
4D
00
28
00
00
00
00
00
00
00
00
00
00
53
4B
11
00
00
00
00
00
00
00
00
00
00
00
48
1C
20
00
00
00
00
00
00
00
00
00
00
00
61
00
2F
00
00
00
00
00
00
00
00
00
00
26
63
00
1A
00
00
00
00
00
00
00
00
00
00
42
8D
1F
00
00
00
00
00
00
00
00
00
00
00
00
86
7B
00
00
00
00
00
00
00
00
00
00
00
00
00
00
00
00
00
00
00
00
00
00
00
00
00
00
00
00
00
00
00
00
00
00
00
00
00
00
00
00
00
00
00
00
00
00
00
00
00
00
00
00
00
00
00
00
6A
8A
01
00
00
00
00
00
00
00
00
00
00
00
7A
A7
05
00
00
00
00
00
00
00
00
00
00
00
D3
BC
00
00
00
00
00
00
00
00
00
00
00
00
D9
85
00
00
00
00
00
00
00
00
00
00
00
4A
EC
1C
00
00
00
00
00
00
00
00
00
00
00
DA
E0
00
00
00
00
00
00
00
00
00
00
00
00
E2
A0
00
00
00
00
00
00
00
00
00
00
00
00
E3
6A
00
00
00
00
00
00
00
00
00
00
00
6A
FF
07
00
00
00
00
00
00
00
00
00
00
00
A3
E4
00
00
00
00
00
00
00
00
00
00
00
00
51
91
00
00
00
00
00
00
00
00
00
00
00
00
28
00
00
00
00
00
00
00
00
00
00
00
00
00
00
00
00
00
00
00
00
00
00
00
00
00
00
00
00
00
00
00
00
00
00
00
00
00
00
00
00
00
00
72
5C
00
00
00
00
00
00
00
00
00
00
00
08
FF
74
00
00
00
00
00
00
00
00
00
00
00
4A
FF
00
00
00
00
00
00
00
00
00
00
00
00
D2
FF
00
00
00
00
00
00
00
00
00
00
00
00
FF
F5
00
00
00
00
00
00
00
00
00
00
00
11
FF
3B
00
00
00
00
00
00
00
00
00
00
00
67
FF
00
00
00
00
00
00
00
00
00
00
00
00
F6
FF
00
00
00
00
00
00
00
00
00
00
00
00
FF
DD
00
00
00
00
00
00
00
00
00
00
00
00
FF
4E
00
00
00
00
00
00
00
00
00
00
00
00
98
1C
00
00
00
00
00
00
00
00
00
00
00
00
1A
30
00
00
00
00
00
00
00
00
00
00
00
00
00
00
00
00
00
00
00
00
00
00
00
00
00
00
00
00
00
00
00
00
00
00
00
00
00
00
00
00
00
00
1D
00
00
00
00
00
00
00
00
00
00
00
00
09
00
00
05
00
00
00
00
00
00
00
00
00
00
0B
00
4F
3B
04
00
00
00
00
00
00
00
00
00
0A
00
48
3C
00
00
00
00
00
00
00
00
00
00
00
06
4B
37
00
00
00
00
00
00
00
00
00
09
00
34
36
12
00
00
00
00
00
00
00
00
00
01
00
46
2E
00
00
00
00
00
00
00
00
00
00
09
00
48
3C
00
00
00
00
00
00
00
00
00
00
00
00
41
34
00
00
00
00
00
00
00
00
00
00
00
68
37
08
00
00
00
00
00
00
00
00
00
00
78
93
5A
00
00
00
00
00
00
00
00
00
00
00
51
2D
3D
00
00
00
00
00
00
00
00
00
00
00
00
00
00
00
00
00
00
00
00
00
00
00
00
00
00
00
00
00
00
00
00
00
00
00
