0
0
0
0
0
0
0
0
0
0
0
0
0
0
0
0
0
0
0
0
0
0
80
0
0
0
0
116
0
0
0
0
0
0
0
0
0
0
0
0
23
71
0
0
0
0
0
0
0
0
0
255
255
155
39
0
255
0
128
28
0
255
0
140
6
166
255
172
55
0
173
43
105
36
0
0
37
23
105
25
0
62
0
80
17
0
57
0
55
0
0
100
54
65
0
45
0
57
10
0
0
0
0
66
71
0
0
0
76
4
0
0
0
103
1
255
255
31
66
0
255
255
0
36
0
18
255
1
0
120
110
255
0
0
0
255
255
0
0
0
255
255
0
12
0
200
0
0
0
0
39
0
0
0
3
41
0
0
0
1
25
0
0
0
0
0
0
0
4
0
72
255
186
23
0
11
0
0
0
29
0
0
0
33
0
9
0
0
0
0
115
42
0
30
0
35
147
89
1
0
6
57
201
232
62
10
42
255
185
0
64
0
255
86
0
187
0
255
0
0
112
16
50
0
0
21
45
255
70
126
104
0
255
146
27
66
0
255
129
0
200
169
255
167
0
216
112
0
79
0
121
155
0
160
24
152
44
194
144
0
183
0
164
43
0
129
0
255
2
0
86
255
255
3
0
0
49
139
0
84
0
177
54
73
28
0
157
0
63
6
0
161
0
95
0
0
2
72
42
0
0
0
143
0
1
0
0
158
0
1
0
11
210
0
16
0
227
25
9
0
90
255
1
13
0
1
0
52
0
0
2
0
0
0
1
0
0
0
0
8
0
35
0
3
0
18
108
0
7
0
0
0
2
9
0
0
7
0
33
0
0
0
0
0
0
0
0
55
0
0
17
0
127
0
0
0
0
0
0
21
0
0
0
0
0
0
10
0
7
0
0
0
0
0
0
70
0
0
5
0
