0
0
0
0
0
0
68
139
122
5
0
0
0
0
0
0
0
0
0
3
84
162
158
0
0
0
0
0
0
0
0
0
0
40
92
11
0
1
0
0
0
0
0
0
0
0
0
68
81
0
4
0
0
0
0
0
0
0
0
0
0
76
69
0
0
0
0
0
0
0
0
0
0
0
9
68
16
0
4
0
0
0
0
0
0
0
0
0
50
79
0
0
0
0
0
0
0
0
0
0
0
0
72
80
0
4
0
0
0
0
0
0
0
0
0
0
82
39
0
2
0
0
0
0
0
0
0
0
0
0
55
0
0
3
0
0
0
0
0
0
0
0
0
0
0
0
0
0
0
0
0
0
0
0
0
0
0
0
2
0
6
0
0
0
0
0
0
0
0
0
0
0
0
0
0
0
0
0
0
0
0
0
0
0
0
0
0
0
0
0
0
0
0
0
0
0
0
0
0
0
0
0
0
45
81
2
0
0
0
0
0
0
0
0
0
0
51
96
69
0
0
0
0
0
0
0
0
0
0
0
112
106
29
2
0
0
0
0
0
0
0
0
0
0
107
65
24
0
0
0
0
0
0
0
0
0
0
21
114
40
25
0
0
0
0
0
0
0
0
0
0
87
93
21
11
0
0
0
0
0
0
0
0
0
0
117
73
20
0
0
0
0
0
0
0
0
0
0
0
108
55
25
0
0
0
0
0
0
0
0
0
0
19
116
40
27
0
0
0
0
0
0
0
0
0
0
86
104
21
5
0
0
0
0
0
0
0
0
0
0
94
17
44
0
0
0
0
0
0
0
0
0
0
0
10
21
36
0
0
0
0
0
0
0
0
0
0
0
0
0
0
0
0
0
0
0
0
0
0
0
0
0
0
0
0
0
0
0
0
0
0
0
0
0
0
0
0
0
18
106
0
0
0
0
0
0
0
0
0
0
0
0
102
108
12
6
0
0
0
0
0
0
0
0
0
0
81
35
50
2
0
0
0
0
0
0
0
0
0
0
87
0
34
0
0
0
0
0
0
0
0
0
0
53
77
0
40
0
0
0
0
0
0
0
0
0
0
83
75
17
0
0
0
0
0
0
0
0
0
0
0
72
28
32
0
0
0
0
0
0
0
0
0
0
0
97
0
47
0
0
0
0
0
0
0
0
0
0
38
99
0
26
0
0
0
0
0
0
0
0
0
0
66
141
31
0
0
0
0
0
0
0
0
0
0
0
0
134
123
0
0
0
0
0
0
0
0
0
0
0
0
0
0
0
0
0
0
0
0
0
0
0
0
0
0
0
0
0
0
0
0
0
0
0
0
0
0
0
0
0
0
0
0
0
0
0
0
0
0
0
0
0
0
0
0
106
138
1
0
0
0
0
0
0
0
0
0
0
0
122
167
5
0
0
0
0
0
0
0
0
0
0
0
211
188
0
0
0
0
0
0
0
0
0
0
0
0
217
133
0
0
0
0
0
0
0
0
0
0
0
74
236
28
0
0
0
0
0
0
0
0
0
0
0
218
224
0
0
0
0
0
0
0
0
0
0
0
0
226
160
0
0
0
0
0
0
0
0
0
0
0
0
227
106
0
0
0
0
0
0
0
0
0
0
0
106
255
7
0
0
0
0
0
0
0
0
0
0
0
163
228
0
0
0
0
0
0
0
0
0
0
0
0
81
145
0
0
0
0
0
0
0
0
0
0
0
0
40
0
0
0
0
0
0
0
0
0
0
0
0
0
0
0
0
0
0
0
0
0
0
0
0
0
0
0
0
0
0
0
0
0
0
0
0
0
0
0
0
0
0
114
92
0
0
0
0
0
0
0
0
0
0
0
8
255
116
0
0
0
0
0
0
0
0
0
0
0
74
255
0
0
0
0
0
0
0
0
0
0
0
0
210
255
0
0
0
0
0
0
0
0
0
0
0
0
255
245
0
0
0
0
0
0
0
0
0
0
0
17
255
59
0
0
0
0
0
0
0
0
0
0
0
103
255
0
0
0
0
0
0
0
0
0
0
0
0
246
255
0
0
0
0
0
0
0
0
0
0
0
0
255
221
0
0
0
0
0
0
0
0
0
0
0
0
255
78
0
0
0
0
0
0
0
0
0
0
0
0
152
28
0
0
0
0
0
0
0
0
0
0
0
0
26
48
0
0
0
0
0
0
0
0
0
0
0
0
0
0
0
0
0
0
0
0
0
0
0
0
0
0
0
0
0
0
0
0
0
0
0
0
0
0
0
0
0
0
29
0
0
0
0
0
0
0
0
0
0
0
0
9
0
0
5
0
0
0
0
0
0
0
0
0
0
11
0
79
59
4
0
0
0
0
0
0
0
0
0
10
0
72
60
0
0
0
0
0
0
0
0
0
0
0
6
75
55
0
0
0
0
0
0
0
0
0
9
0
52
54
18
0
0
0
0
0
0
0
0
0
1
0
70
46
0
0
0
0
0
0
0
0
0
0
9
0
72
60
0
0
0
0
0
0
0
0
0
0
0
0
65
52
0
0
0
0
0
0
0
0
0
0
0
104
55
8
0
0
0
0
0
0
0
0
0
0
120
147
90
0
0
0
0
0
0
0
0
0
0
0
81
45
61
0
0
0
0
0
0
0
0
0
0
0
0
0
0
0
0
0
0
0
0
0
0
0
0
0
0
0
0
0
0
0
0
0
0
0
