0
0
0
0
0
0
0
0
0
0
0
0
0
0
0
0
0
0
0
0
0
0
0
0
0
0
0
0
0
0
0
0
0
0
0
0
0
0
0
0
0
0
0
0
0
0
0
0
0
0
0
0
0
0
0
0
0
0
0
0
0
0
0
0
0
0
0
0
0
0
0
0
0
0
0
0
0
0
0
0
0
0
0
0
80
0
0
0
0
0
0
0
0
0
0
0
0
0
0
0
0
0
0
0
0
116
0
0
0
0
0
0
0
0
28
8
0
0
0
0
0
0
0
0
0
0
0
0
0
0
0
0
0
0
0
0
0
0
0
0
0
0
0
0
0
0
0
0
0
0
0
0
0
0
0
0
0
0
0
0
0
23
65
38
0
0
0
0
0
0
10
9
71
0
0
0
0
0
0
0
0
0
0
0
0
0
0
0
0
0
0
0
0
0
0
0
0
0
0
0
0
0
0
76
255
0
0
155
39
2
0
0
0
255
148
0
0
114
25
2
0
0
0
255
0
0
17
62
28
0
0
0
29
255
0
0
128
37
14
0
0
0
195
255
0
0
140
28
6
0
0
0
255
57
0
0
89
30
0
0
0
0
255
0
0
42
55
24
0
0
0
166
255
0
0
172
41
12
0
0
0
173
43
0
0
105
32
3
0
0
54
58
0
0
0
82
36
0
0
0
0
0
0
0
0
0
28
105
25
0
0
0
0
37
23
0
55
103
14
2
0
0
0
62
0
0
9
38
0
0
0
0
0
23
0
0
80
55
17
0
0
0
43
1
0
0
39
11
0
0
0
0
57
0
0
0
55
0
0
0
0
0
100
0
0
54
65
0
0
0
0
0
51
0
0
1
44
18
0
0
0
45
0
0
0
0
0
0
0
0
1
9
0
0
57
19
10
0
0
0
0
0
0
0
0
0
0
21
71
0
0
0
0
0
0
0
0
66
35
0
0
0
0
0
0
0
4
60
4
0
0
0
0
0
0
0
76
51
0
0
0
0
0
0
0
0
103
47
0
0
0
0
0
0
0
0
73
23
1
0
24
0
0
0
0
0
66
0
0
0
255
255
255
0
0
31
45
0
0
0
255
255
255
0
0
0
36
2
0
0
255
255
255
29
0
0
0
1
0
0
0
0
123
255
1
0
0
0
120
0
0
18
255
255
0
0
0
0
13
0
0
52
255
255
0
0
0
0
0
0
0
110
255
183
0
0
0
0
0
0
0
199
255
0
0
0
0
0
0
0
33
255
255
0
0
0
0
0
0
0
87
255
255
0
0
0
12
0
0
0
143
255
93
0
0
0
0
0
0
0
132
200
0
0
0
0
0
0
0
0
68
9
0
0
0
0
0
0
0
0
0
39
0
0
0
0
0
0
0
3
4
29
0
0
0
0
0
0
0
0
20
14
0
0
0
0
0
0
0
0
41
10
0
0
0
0
0
0
1
0
25
0
0
0
0
0
0
0
0
0
20
0
0
0
0
0
0
0
0
0
0
0
0
0
0
0
0
4
0
0
0
0
0
0
0
0
0
0
0
0
0
0
16
254
167
0
0
0
0
0
27
72
208
255
186
23
23
0
0
0
0
1
0
0
0
0
0
0
29
0
0
11
0
0
0
0
0
0
0
0
0
0
0
0
0
0
0
0
0
0
0
0
0
0
0
0
33
26
0
0
6
0
0
0
0
0
0
0
0
0
9
7
0
0
0
0
0
0
0
0
19
40
0
0
0
0
30
0
0
0
25
115
42
0
0
0
29
0
0
0
0
35
116
147
0
0
0
1
0
0
0
0
0
96
89
0
0
0
0
0
0
0
14
0
0
26
191
79
62
0
0
6
57
0
0
201
232
84
50
0
0
10
42
0
0
255
185
0
0
0
0
5
0
0
13
255
142
0
0
0
0
32
0
0
133
255
86
0
0
0
16
64
0
0
252
250
17
0
0
0
47
137
0
0
255
234
0
0
0
0
99
187
0
0
204
183
0
0
0
0
112
80
0
16
16
50
0
0
0
0
40
0
0
0
0
0
0
0
0
0
0
0
45
0
0
214
70
22
126
0
1
21
21
0
0
255
0
27
60
0
0
78
0
0
0
255
0
113
27
0
0
104
0
0
135
156
0
146
0
0
0
66
0
0
255
32
16
129
0
0
35
0
0
0
255
10
98
67
0
0
115
0
0
14
255
0
167
14
0
0
200
0
0
169
144
0
152
0
0
0
216
0
0
112
0
0
79
0
0
0
95
0
0
0
0
0
8
0
0
0
0
75
155
0
0
0
85
122
24
1
1
121
151
0
0
0
160
53
16
0
9
138
44
0
0
144
144
0
0
0
37
152
0
0
0
194
106
0
0
0
81
183
0
0
0
164
43
0
0
0
128
146
0
0
10
137
26
1
0
0
129
19
0
0
168
116
2
0
0
0
122
0
0
0
255
99
0
0
0
0
86
0
0
255
255
29
0
0
0
0
12
0
0
223
79
0
3
0
0
0
0
0
0
0
139
0
0
0
84
1
0
0
0
49
123
0
0
0
47
0
0
0
0
156
54
0
0
66
28
0
0
0
0
177
0
0
0
73
24
0
0
0
0
157
0
0
0
63
6
0
0
0
95
150
0
0
17
39
3
0
0
0
161
89
0
0
95
30
0
0
0
0
67
39
0
0
73
18
0
0
0
0
0
2
72
0
38
5
0
0
0
0
0
0
31
0
42
1
0
0
0
0
0
0
0
12
0
0
0
0
0
0
0
0
0
143
0
0
0
1
0
0
0
0
26
97
0
0
0
1
0
0
0
0
158
20
0
0
0
0
0
0
0
11
210
0
0
0
16
0
0
0
0
0
134
0
0
0
1
0
0
0
0
3
25
0
0
0
0
0
0
0
0
227
0
0
0
9
0
0
0
0
63
255
0
0
0
13
0
0
0
90
141
142
1
0
0
0
0
0
0
0
0
0
0
52
0
0
0
0
1
0
0
0
45
0
0
0
0
0
0
0
0
0
0
0
0
0
0
1
2
0
0
0
0
0
0
0
0
0
0
0
0
0
0
0
0
0
8
0
0
0
0
0
0
0
0
0
2
0
0
0
0
0
0
0
0
0
0
0
0
0
35
8
0
0
0
3
0
0
0
0
108
0
0
0
0
7
0
0
0
18
0
0
0
0
0
1
0
0
0
0
0
0
2
0
9
8
0
0
0
0
0
0
0
0
0
0
0
0
0
0
7
0
0
0
32
0
0
0
0
0
0
0
0
0
33
0
0
0
0
0
0
0
0
0
0
0
0
0
0
0
0
0
0
0
0
0
0
0
0
0
0
0
0
23
0
0
0
0
0
0
0
0
31
55
0
0
0
0
0
17
0
0
127
52
0
0
0
0
0
0
0
0
10
0
0
0
0
0
0
0
0
0
0
0
0
0
21
0
0
0
0
0
0
0
0
0
5
0
0
0
0
0
0
0
0
0
0
0
0
0
0
0
0
0
0
0
0
0
0
0
10
0
0
0
0
0
0
0
0
0
0
0
0
0
0
7
0
0
0
0
0
0
0
0
0
0
0
0
0
0
0
0
0
0
0
0
0
0
0
0
0
0
0
0
5
1
0
0
48
70
0
0
0
0
0
0
0
0
