00
00
00
00
00
00
00
00
00
00
00
00
00
00
00
00
00
00
00
00
00
00
50
00
00
00
00
74
00
00
00
00
00
00
00
00
00
00
00
00
17
47
00
00
00
00
00
00
00
00
00
FF
FF
9B
27
00
FF
00
80
1C
00
FF
00
8C
06
A6
FF
AC
37
00
AD
2B
69
24
00
00
25
17
69
19
00
3E
00
50
11
00
39
00
37
00
00
64
36
41
00
2D
00
39
0A
00
00
00
00
42
47
00
00
00
4C
04
00
00
00
67
01
FF
FF
1F
42
00
FF
FF
00
24
00
12
FF
01
00
78
6E
FF
00
00
00
FF
FF
00
00
00
FF
FF
00
0C
00
C8
00
00
00
00
27
00
00
00
03
29
00
00
00
01
19
00
00
00
00
00
00
00
04
00
48
FF
BA
17
00
0B
00
00
00
1D
00
00
00
21
00
09
00
00
00
00
73
2A
00
1E
00
23
93
59
01
00
06
39
C9
E8
3E
0A
2A
FF
B9
00
40
00
FF
56
00
BB
00
FF
00
00
70
10
32
00
00
15
2D
FF
46
7E
68
00
FF
92
1B
42
00
FF
81
00
C8
A9
FF
A7
00
D8
70
00
4F
00
79
9B
00
A0
18
98
2C
C2
90
00
B7
00
A4
2B
00
81
00
FF
02
00
56
FF
FF
03
00
00
31
8B
00
54
00
B1
36
49
1C
00
9D
00
3F
06
00
A1
00
5F
00
00
02
48
2A
00
00
00
8F
00
01
00
00
9E
00
01
00
0B
D2
00
10
00
E3
19
09
00
5A
FF
01
0D
00
01
00
34
00
00
02
00
00
00
01
00
00
00
00
08
00
23
00
03
00
12
6C
00
07
00
00
00
02
09
00
00
07
00
21
00
00
00
00
00
00
00
00
37
00
00
11
00
7F
00
00
00
00
00
00
15
00
00
00
00
00
00
0A
00
07
00
00
00
00
00
00
46
00
00
05
00
