00
00
00
00
FF
FF
00
00
00
00
00
00
00
00
00
5C
00
00
00
00
00
00
00
00
00
00
00
00
00
00
00
70
3C
00
00
00
00
00
00
00
00
46
FF
27
00
00
00
00
00
00
00
00
00
00
00
67
82
00
00
00
00
00
00
00
00
00
00
00
00
00
00
00
00
00
00
00
00
00
00
00
00
00
00
00
00
00
00
00
00
00
00
00
F7
FF
00
00
00
00
00
00
00
00
00
00
00
00
00
00
00
00
00
00
00
00
00
00
00
00
00
00
0F
00
00
00
00
00
00
00
00
00
00
00
00
00
00
00
00
00
00
00
00
00
00
00
00
00
00
00
00
00
00
00
00
00
00
00
00
00
00
00
00
00
00
00
00
00
00
00
00
00
00
00
00
00
00
00
00
00
00
00
00
70
0E
00
00
00
0F
00
00
00
44
0A
00
00
00
34
93
00
00
00
00
FF
00
00
00
00
00
00
00
30
A4
B1
00
00
00
FF
00
00
59
28
DA
00
00
00
FF
C0
00
00
6E
2B
6C
00
00
00
92
00
00
00
43
30
00
00
00
1D
00
00
00
00
00
1C
00
00
FD
00
00
00
00
00
00
26
00
FF
FE
00
00
82
00
00
00
2B
00
FF
00
00
00
D7
65
00
00
2E
00
D1
00
00
00
FF
AD
00
00
5A
09
6E
00
00
00
A1
00
00
53
5D
00
00
00
00
00
00
00
00
52
4A
00
00
00
7F
FF
FF
FF
8D
36
12
00
00
00
00
AD
5A
00
28
4D
13
00
00
00
00
29
27
00
D1
A7
41
00
00
00
00
00
00
00
4A
BB
A9
00
00
01
A7
99
54
00
00
00
2D
00
00
00
00
2F
FF
C7
B5
57
66
00
00
00
00
00
00
00
00
48
70
00
00
00
00
5E
FF
A1
00
34
57
00
00
00
00
00
79
18
00
00
44
00
00
00
00
00
00
00
00
59
45
00
00
00
00
00
00
00
00
4C
61
00
00
00
00
00
00
00
00
00
32
9A
00
00
00
00
00
00
00
05
46
FF
00
00
00
00
00
00
00
00
43
79
00
00
00
00
00
00
00
00
5D
00
01
2B
00
00
00
00
00
00
4A
00
00
00
00
33
00
00
00
00
44
9E
00
00
00
00
00
00
00
00
4E
FF
FF
00
00
00
00
00
00
00
2E
CB
40
00
00
00
00
00
00
9A
A9
FF
00
00
00
00
00
00
00
54
B8
FF
00
00
00
00
00
00
00
00
BA
50
00
00
00
00
00
00
00
00
9D
26
00
00
00
00
00
00
00
00
7D
10
00
00
00
00
00
00
00
00
9D
7A
92
00
00
00
00
00
00
00
94
FF
9C
00
00
00
00
00
00
00
4C
FF
81
00
00
00
00
00
00
00
2F
FF
00
00
00
00
00
00
00
00
00
00
00
00
00
00
00
00
00
00
00
00
00
00
00
00
00
00
00
00
00
00
65
AC
00
00
00
00
00
00
00
00
00
5B
00
00
00
00
00
00
00
2A
00
00
00
00
00
00
00
00
00
BF
DE
02
00
00
00
00
00
00
00
57
00
00
00
00
00
00
00
00
00
00
00
26
00
00
00
00
00
00
00
00
00
04
23
00
00
00
00
00
00
00
00
00
00
00
00
00
00
00
00
00
00
00
ED
FA
00
00
00
FF
7F
00
00
00
00
FF
FF
00
00
00
66
00
00
00
00
98
BE
70
00
00
23
FF
D6
00
00
00
00
00
2E
FF
59
6F
FF
FF
00
00
00
00
00
C3
D4
00
00
FF
FF
C7
EC
00
00
00
B8
13
00
00
00
00
FF
FF
00
00
56
26
00
00
00
17
E5
FF
00
00
38
AC
02
00
00
00
71
FF
00
00
00
AB
FF
FF
00
00
00
00
00
00
00
00
00
00
56
00
00
00
82
00
00
00
00
62
FF
00
00
00
64
60
06
00
00
00
00
00
00
00
A3
3E
00
00
00
00
00
00
00
00
A3
00
00
10
00
00
00
00
00
00
EE
5F
00
00
00
00
13
FF
00
00
51
8A
00
00
00
00
55
FF
00
00
00
FF
24
21
00
00
17
4A
00
00
00
AF
11
8E
00
00
00
00
00
00
00
BF
39
AF
73
0C
01
00
00
00
2A
7F
0D
34
00
00
00
00
00
00
1A
9A
67
00
00
43
00
00
00
59
2E
48
87
00
00
FF
00
00
00
DF
33
39
71
00
E4
FF
00
00
00
91
43
5A
90
00
29
FF
00
00
00
13
12
52
98
00
00
00
00
00
00
00
43
0F
AE
00
00
00
49
00
00
00
D7
00
8D
00
00
00
9D
00
00
00
FF
00
75
00
00
FF
FF
2A
00
00
FF
27
8E
00
00
FF
FF
FF
00
00
FF
00
6A
10
00
00
00
80
00
00
00
00
15
00
00
00
38
00
00
00
00
2A
1C
00
00
00
00
00
00
00
7E
1B
00
00
00
00
00
00
00
00
00
00
00
00
24
00
00
00
00
00
00
00
00
00
00
00
00
00
3C
00
00
00
00
9D
00
00
00
C5
00
00
00
00
02
76
00
00
00
00
00
00
00
00
00
00
00
00
00
00
00
00
00
51
25
00
00
00
00
00
00
00
FF
FF
2E
00
00
00
00
2D
FF
FF
00
00
53
18
00
00
00
00
FF
FF
00
00
5F
D8
FF
00
00
00
14
0B
00
00
6E
00
FF
5B
00
00
00
11
00
00
7C
00
00
2C
00
00
A0
FF
00
00
56
00
00
00
00
00
FF
FF
1F
00
0E
00
00
00
00
00
00
FF
BB
00
01
00
FF
47
00
00
00
FF
DC
00
00
00
FD
F0
00
00
00
4E
49
00
00
00
00
00
05
00
00
00
07
00
19
00
00
00
00
00
00
00
00
00
00
00
00
00
00
00
00
00
00
00
00
00
DE
3E
00
00
00
FF
53
00
00
00
00
00
00
00
00
00
00
00
00
00
00
00
00
00
00
00
00
00
00
00
00
00
00
00
00
00
00
00
00
00
00
00
08
00
00
00
8A
00
00
00
00
FF
C8
00
00
52
FF
00
00
00
00
00
00
00
00
00
00
00
00
00
00
00
00
00
00
00
00
00
00
00
00
D1
FF
05
00
00
00
00
00
00
D2
FF
35
00
00
00
00
00
00
00
3C
00
00
00
00
00
00
00
00
00
00
00
00
00
64
03
00
00
00
1C
00
00
00
B4
5A
00
00
00
00
06
00
00
39
36
00
00
00
00
00
00
00
7B
D5
00
00
00
00
00
00
00
00
50
00
00
00
00
00
00
00
00
00
00
00
00
00
00
00
00
00
00
00
00
00
00
00
1F
06
00
00
00
00
61
15
99
5F
8C
00
00
00
00
54
55
B8
5F
00
3E
00
07
00
00
00
00
00
00
00
00
00
00
00
00
00
00
00
00
00
00
00
00
00
00
00
85
78
00
00
00
00
00
00
00
00
B3
FF
7A
5B
76
52
00
00
00
00
00
00
00
00
00
00
00
00
00
00
00
00
00
00
00
00
00
00
00
00
00
00
00
00
00
00
00
00
0E
00
00
00
00
00
00
00
00
00
00
00
00
00
00
00
FF
E0
80
34
00
00
00
00
00
00
00
00
00
31
00
00
00
00
00
00
00
00
00
39
00
00
00
58
FF
99
08
00
00
00
00
00
00
00
00
31
FF
FF
00
10
00
00
00
00
00
00
00
00
00
3C
00
00
00
00
00
00
00
00
00
00
00
3F
00
00
00
00
00
00
00
03
00
00
00
02
C5
1C
00
00
00
00
00
00
00
00
25
FF
41
00
00
03
