00
00
00
00
0B
69
B9
A9
2E
00
00
00
00
00
00
00
00
3A
E3
FF
FF
FF
F3
65
00
00
00
00
00
00
23
A2
D8
B7
00
21
93
70
00
00
00
00
00
00
41
83
00
00
00
00
00
45
00
00
00
00
00
00
49
23
31
5C
5E
A6
24
12
00
00
00
00
00
00
27
04
A4
FF
FF
FF
00
0C
00
00
00
00
00
00
01
00
01
F9
FF
4E
BB
9B
20
00
00
00
00
00
00
19
34
00
00
00
0D
66
42
00
00
00
00
00
00
42
62
00
07
0B
00
27
3E
00
00
00
00
00
00
4D
53
00
03
19
1C
01
3B
00
00
00
00
00
00
4B
19
DA
DA
85
83
09
31
00
00
00
00
00
00
09
00
D7
FF
FF
FF
14
00
00
00
00
00
00
00
01
00
00
00
00
00
00
07
00
00
00
00
00
00
00
00
00
00
00
00
0A
02
00
00
00
00
00
00
00
00
00
34
3F
13
00
00
00
00
00
00
00
00
00
26
9E
62
45
42
20
00
00
00
00
00
00
00
44
C9
BF
6F
27
19
0A
00
00
00
00
00
00
00
75
7D
33
69
8C
5A
22
00
00
00
00
00
00
00
6A
25
37
00
B8
7A
12
00
00
00
00
00
00
18
55
1D
17
9E
E4
31
41
00
00
00
00
00
00
0E
5E
32
78
80
13
59
5E
0C
00
00
00
00
00
00
06
68
CF
79
7F
41
29
0D
00
00
00
00
00
00
00
71
5A
2F
27
61
49
05
00
00
00
00
00
00
0C
71
29
1E
00
68
4A
0B
00
00
00
00
00
00
28
52
3E
32
11
80
40
0F
00
00
00
00
00
00
59
59
14
15
4E
C1
4E
0D
00
00
00
00
00
00
20
57
73
6A
4C
10
38
23
00
00
00
00
00
00
00
00
0D
3E
45
44
3A
03
00
00
00
00
00
00
00
06
07
0A
00
00
00
00
00
00
00
00
00
00
12
26
00
7A
36
00
00
00
00
00
00
00
00
00
4D
0F
69
FF
FF
FF
00
00
00
00
00
00
00
00
6D
00
18
00
9E
FF
00
00
00
00
00
00
00
00
B9
00
00
04
22
22
18
00
00
00
00
00
00
00
FF
FF
00
00
00
00
47
00
00
00
00
00
00
00
0E
FF
FF
77
FF
FF
00
00
00
00
00
00
00
00
00
29
04
44
FF
FF
71
00
00
00
00
00
00
00
00
58
00
1B
00
DD
50
00
00
00
00
00
00
00
2D
51
00
32
00
AA
5E
00
00
00
00
00
00
00
3F
C6
00
00
00
8A
51
00
00
00
00
00
00
00
00
FF
FF
FF
00
00
0C
3E
00
00
00
00
00
00
00
00
D6
FF
FF
E8
97
2B
00
00
00
00
00
00
00
00
00
00
00
00
00
00
00
00
00
00
00
00
00
00
1A
6E
6B
00
00
00
00
00
00
00
00
00
00
00
00
5B
F5
FF
00
00
00
00
00
00
00
00
00
00
22
00
34
FF
AC
00
00
00
00
00
00
00
00
C3
99
00
00
FF
B1
00
00
00
00
00
00
00
00
FF
1E
00
00
D8
A4
00
00
00
00
00
00
00
00
FF
AC
19
5B
FF
75
00
00
00
00
00
00
00
00
00
25
0F
B1
FF
FF
00
00
00
00
00
00
00
00
00
4D
86
00
8A
FF
15
00
00
00
00
00
00
00
00
D9
BF
00
00
FF
44
00
00
00
00
00
00
00
23
E7
34
00
00
FF
56
00
00
00
00
00
00
00
9F
FF
86
12
00
FF
63
00
00
00
00
00
00
00
00
6C
B0
66
00
D8
6C
00
00
00
00
00
00
00
00
00
00
00
53
CC
0D
00
00
00
00
00
00
00
00
00
00
02
32
0C
00
00
00
00
00
00
00
00
27
4B
0E
00
00
00
00
00
00
00
00
00
01
65
B0
85
00
00
00
00
00
00
00
00
00
00
38
FF
C9
00
46
52
00
00
00
00
00
00
00
00
BC
FF
00
11
7C
FF
00
00
00
00
00
00
00
00
FF
FF
00
00
80
FF
00
00
00
00
00
00
00
00
E4
FF
00
00
7D
95
00
00
00
00
00
00
00
00
64
D0
D8
5E
1B
00
00
00
00
00
00
00
00
00
06
62
FF
BB
25
D3
97
00
00
00
00
00
00
00
00
AC
FF
00
00
FA
FF
00
00
00
00
00
00
00
00
FF
FF
00
00
7D
FF
00
00
00
00
00
00
00
00
FF
B0
00
00
68
FF
00
00
00
00
00
00
00
00
FF
D3
00
00
1D
7D
00
00
00
00
00
00
00
00
5E
9C
99
5B
00
00
00
00
00
00
00
00
00
00
00
11
55
6F
55
17
00
00
00
00
00
00
00
00
00
13
09
00
00
00
00
00
00
00
00
00
00
01
1E
00
00
00
00
00
00
00
00
00
00
00
00
12
00
44
C1
AC
40
00
00
00
00
00
00
00
00
06
00
E9
F9
FF
7A
3C
26
00
00
00
00
00
00
00
00
34
46
14
00
48
33
00
00
00
00
00
00
08
00
00
00
00
00
61
49
00
00
00
00
00
00
30
5E
48
00
0B
00
00
00
00
00
00
00
00
00
0F
8F
56
FF
FF
E5
28
00
00
00
00
00
00
00
00
0B
00
7A
A6
9B
00
32
00
00
00
00
00
00
00
00
02
56
40
00
00
36
0A
00
00
00
00
00
00
00
00
00
10
00
00
39
18
00
00
00
00
00
00
04
00
00
00
00
1E
52
34
00
00
00
00
00
00
70
9C
D6
DB
FF
FF
70
3C
00
00
00
00
00
00
00
2B
94
F2
FF
D4
62
06
00
00
00
