0
0
0
0
255
255
0
0
0
0
0
0
0
0
0
92
0
0
0
0
0
0
0
0
0
0
0
0
0
0
0
112
60
0
0
0
0
0
0
0
0
70
255
39
0
0
0
0
0
0
0
0
0
0
0
103
130
0
0
0
0
0
0
0
0
0
0
0
0
0
0
0
0
0
0
0
0
0
0
0
0
0
0
0
0
0
0
0
0
0
0
0
247
255
0
0
0
0
0
0
0
0
0
0
0
0
0
0
0
0
0
0
0
0
0
0
0
0
0
0
15
0
0
0
0
0
0
0
0
0
0
0
0
0
0
0
0
0
0
0
0
0
0
0
0
0
0
0
0
0
0
0
0
0
0
0
0
0
0
0
0
0
0
0
0
0
0
0
0
0
0
0
0
0
0
0
0
0
0
0
0
112
14
0
0
0
15
0
0
0
68
10
0
0
0
52
147
0
0
0
0
255
0
0
0
0
0
0
0
48
164
177
0
0
0
255
0
0
89
40
218
0
0
0
255
192
0
0
110
43
108
0
0
0
146
0
0
0
67
48
0
0
0
29
0
0
0
0
0
28
0
0
253
0
0
0
0
0
0
38
0
255
254
0
0
130
0
0
0
43
0
255
0
0
0
215
101
0
0
46
0
209
0
0
0
255
173
0
0
90
9
110
0
0
0
161
0
0
83
93
0
0
0
0
0
0
0
0
82
74
0
0
0
127
255
255
255
141
54
18
0
0
0
0
173
90
0
40
77
19
0
0
0
0
41
39
0
209
167
65
0
0
0
0
0
0
0
74
187
169
0
0
1
167
153
84
0
0
0
45
0
0
0
0
47
255
199
181
87
102
0
0
0
0
0
0
0
0
72
112
0
0
0
0
94
255
161
0
52
87
0
0
0
0
0
121
24
0
0
68
0
0
0
0
0
0
0
0
89
69
0
0
0
0
0
0
0
0
76
97
0
0
0
0
0
0
0
0
0
50
154
0
0
0
0
0
0
0
5
70
255
0
0
0
0
0
0
0
0
67
121
0
0
0
0
0
0
0
0
93
0
1
43
0
0
0
0
0
0
74
0
0
0
0
51
0
0
0
0
68
158
0
0
0
0
0
0
0
0
78
255
255
0
0
0
0
0
0
0
46
203
64
0
0
0
0
0
0
154
169
255
0
0
0
0
0
0
0
84
184
255
0
0
0
0
0
0
0
0
186
80
0
0
0
0
0
0
0
0
157
38
0
0
0
0
0
0
0
0
125
16
0
0
0
0
0
0
0
0
157
122
146
0
0
0
0
0
0
0
148
255
156
0
0
0
0
0
0
0
76
255
129
0
0
0
0
0
0
0
47
255
0
0
0
0
0
0
0
0
0
0
0
0
0
0
0
0
0
0
0
0
0
0
0
0
0
0
0
0
0
0
101
172
0
0
0
0
0
0
0
0
0
91
0
0
0
0
0
0
0
42
0
0
0
0
0
0
0
0
0
191
222
2
0
0
0
0
0
0
0
87
0
0
0
0
0
0
0
0
0
0
0
38
0
0
0
0
0
0
0
0
0
4
35
0
0
0
0
0
0
0
0
0
0
0
0
0
0
0
0
0
0
0
237
250
0
0
0
255
127
0
0
0
0
255
255
0
0
0
102
0
0
0
0
152
190
112
0
0
35
255
214
0
0
0
0
0
46
255
89
111
255
255
0
0
0
0
0
195
212
0
0
255
255
199
236
0
0
0
184
19
0
0
0
0
255
255
0
0
86
38
0
0
0
23
229
255
0
0
56
172
2
0
0
0
113
255
0
0
0
171
255
255
0
0
0
0
0
0
0
0
0
0
86
0
0
0
130
0
0
0
0
98
255
0
0
0
100
96
6
0
0
0
0
0
0
0
163
62
0
0
0
0
0
0
0
0
163
0
0
16
0
0
0
0
0
0
238
95
0
0
0
0
19
255
0
0
81
138
0
0
0
0
85
255
0
0
0
255
36
33
0
0
23
74
0
0
0
175
17
142
0
0
0
0
0
0
0
191
57
175
115
12
1
0
0
0
42
127
13
52
0
0
0
0
0
0
26
154
103
0
0
67
0
0
0
89
46
72
135
0
0
255
0
0
0
223
51
57
113
0
228
255
0
0
0
145
67
90
144
0
41
255
0
0
0
19
18
82
152
0
0
0
0
0
0
0
67
15
174
0
0
0
73
0
0
0
215
0
141
0
0
0
157
0
0
0
255
0
117
0
0
255
255
42
0
0
255
39
142
0
0
255
255
255
0
0
255
0
106
16
0
0
0
128
0
0
0
0
21
0
0
0
56
0
0
0
0
42
28
0
0
0
0
0
0
0
126
27
0
0
0
0
0
0
0
0
0
0
0
0
36
0
0
0
0
0
0
0
0
0
0
0
0
0
60
0
0
0
0
157
0
0
0
197
0
0
0
0
2
118
0
0
0
0
0
0
0
0
0
0
0
0
0
0
0
0
0
81
37
0
0
0
0
0
0
0
255
255
46
0
0
0
0
45
255
255
0
0
83
24
0
0
0
0
255
255
0
0
95
216
255
0
0
0
20
11
0
0
110
0
255
91
0
0
0
17
0
0
124
0
0
44
0
0
160
255
0
0
86
0
0
0
0
0
255
255
31
0
14
0
0
0
0
0
0
255
187
0
1
0
255
71
0
0
0
255
220
0
0
0
253
240
0
0
0
78
73
0
0
0
0
0
5
0
0
0
7
0
25
0
0
0
0
0
0
0
0
0
0
0
0
0
0
0
0
0
0
0
0
0
222
62
0
0
0
255
83
0
0
0
0
0
0
0
0
0
0
0
0
0
0
0
0
0
0
0
0
0
0
0
0
0
0
0
0
0
0
0
0
0
0
0
8
0
0
0
138
0
0
0
0
255
200
0
0
82
255
0
0
0
0
0
0
0
0
0
0
0
0
0
0
0
0
0
0
0
0
0
0
0
0
209
255
5
0
0
0
0
0
0
210
255
53
0
0
0
0
0
0
0
60
0
0
0
0
0
0
0
0
0
0
0
0
0
100
3
0
0
0
28
0
0
0
180
90
0
0
0
0
6
0
0
57
54
0
0
0
0
0
0
0
123
213
0
0
0
0
0
0
0
0
80
0
0
0
0
0
0
0
0
0
0
0
0
0
0
0
0
0
0
0
0
0
0
0
31
6
0
0
0
0
97
21
153
95
140
0
0
0
0
84
85
184
95
0
62
0
7
0
0
0
0
0
0
0
0
0
0
0
0
0
0
0
0
0
0
0
0
0
0
0
133
120
0
0
0
0
0
0
0
0
179
255
122
91
118
82
0
0
0
0
0
0
0
0
0
0
0
0
0
0
0
0
0
0
0
0
0
0
0
0
0
0
0
0
0
0
0
0
14
0
0
0
0
0
0
0
0
0
0
0
0
0
0
0
255
224
128
52
0
0
0
0
0
0
0
0
0
49
0
0
0
0
0
0
0
0
0
57
0
0
0
88
255
153
8
0
0
0
0
0
0
0
0
49
255
255
0
16
0
0
0
0
0
0
0
0
0
60
0
0
0
0
0
0
0
0
0
0
0
63
0
0
0
0
0
0
0
3
0
0
0
2
197
28
0
0
0
0
0
0
0
0
37
255
65
0
0
3
