0
0
0
0
11
105
185
169
46
0
0
0
0
0
0
0
0
58
227
255
255
255
243
101
0
0
0
0
0
0
35
162
216
183
0
33
147
112
0
0
0
0
0
0
65
131
0
0
0
0
0
69
0
0
0
0
0
0
73
35
49
92
94
166
36
18
0
0
0
0
0
0
39
4
164
255
255
255
0
12
0
0
0
0
0
0
1
0
1
249
255
78
187
155
32
0
0
0
0
0
0
25
52
0
0
0
13
102
66
0
0
0
0
0
0
66
98
0
7
11
0
39
62
0
0
0
0
0
0
77
83
0
3
25
28
1
59
0
0
0
0
0
0
75
25
218
218
133
131
9
49
0
0
0
0
0
0
9
0
215
255
255
255
20
0
0
0
0
0
0
0
1
0
0
0
0
0
0
7
0
0
0
0
0
0
0
0
0
0
0
0
10
2
0
0
0
0
0
0
0
0
0
52
63
19
0
0
0
0
0
0
0
0
0
38
158
98
69
66
32
0
0
0
0
0
0
0
68
201
191
111
39
25
10
0
0
0
0
0
0
0
117
125
51
105
140
90
34
0
0
0
0
0
0
0
106
37
55
0
184
122
18
0
0
0
0
0
0
24
85
29
23
158
228
49
65
0
0
0
0
0
0
14
94
50
120
128
19
89
94
12
0
0
0
0
0
0
6
104
207
121
127
65
41
13
0
0
0
0
0
0
0
113
90
47
39
97
73
5
0
0
0
0
0
0
12
113
41
30
0
104
74
11
0
0
0
0
0
0
40
82
62
50
17
128
64
15
0
0
0
0
0
0
89
89
20
21
78
193
78
13
0
0
0
0
0
0
32
87
115
106
76
16
56
35
0
0
0
0
0
0
0
0
13
62
69
68
58
3
0
0
0
0
0
0
0
6
7
10
0
0
0
0
0
0
0
0
0
0
18
38
0
122
54
0
0
0
0
0
0
0
0
0
77
15
105
255
255
255
0
0
0
0
0
0
0
0
109
0
24
0
158
255
0
0
0
0
0
0
0
0
185
0
0
4
34
34
24
0
0
0
0
0
0
0
255
255
0
0
0
0
71
0
0
0
0
0
0
0
14
255
255
119
255
255
0
0
0
0
0
0
0
0
0
41
4
68
255
255
113
0
0
0
0
0
0
0
0
88
0
27
0
221
80
0
0
0
0
0
0
0
45
81
0
50
0
170
94
0
0
0
0
0
0
0
63
198
0
0
0
138
81
0
0
0
0
0
0
0
0
255
255
255
0
0
12
62
0
0
0
0
0
0
0
0
214
255
255
232
151
43
0
0
0
0
0
0
0
0
0
0
0
0
0
0
0
0
0
0
0
0
0
0
26
110
107
0
0
0
0
0
0
0
0
0
0
0
0
91
245
255
0
0
0
0
0
0
0
0
0
0
34
0
52
255
172
0
0
0
0
0
0
0
0
195
153
0
0
255
177
0
0
0
0
0
0
0
0
255
30
0
0
216
164
0
0
0
0
0
0
0
0
255
172
25
91
255
117
0
0
0
0
0
0
0
0
0
37
15
177
255
255
0
0
0
0
0
0
0
0
0
77
134
0
138
255
21
0
0
0
0
0
0
0
0
217
191
0
0
255
68
0
0
0
0
0
0
0
35
231
52
0
0
255
86
0
0
0
0
0
0
0
159
255
134
18
0
255
99
0
0
0
0
0
0
0
0
108
176
102
0
216
108
0
0
0
0
0
0
0
0
0
0
0
83
204
13
0
0
0
0
0
0
0
0
0
0
2
50
12
0
0
0
0
0
0
0
0
39
75
14
0
0
0
0
0
0
0
0
0
1
101
176
133
0
0
0
0
0
0
0
0
0
0
56
255
201
0
70
82
0
0
0
0
0
0
0
0
188
255
0
17
124
255
0
0
0
0
0
0
0
0
255
255
0
0
128
255
0
0
0
0
0
0
0
0
228
255
0
0
125
149
0
0
0
0
0
0
0
0
100
208
216
94
27
0
0
0
0
0
0
0
0
0
6
98
255
187
37
211
151
0
0
0
0
0
0
0
0
172
255
0
0
250
255
0
0
0
0
0
0
0
0
255
255
0
0
125
255
0
0
0
0
0
0
0
0
255
176
0
0
104
255
0
0
0
0
0
0
0
0
255
211
0
0
29
125
0
0
0
0
0
0
0
0
94
156
153
91
0
0
0
0
0
0
0
0
0
0
0
17
85
111
85
23
0
0
0
0
0
0
0
0
0
19
9
0
0
0
0
0
0
0
0
0
0
1
30
0
0
0
0
0
0
0
0
0
0
0
0
18
0
68
193
172
64
0
0
0
0
0
0
0
0
6
0
233
249
255
122
60
38
0
0
0
0
0
0
0
0
52
70
20
0
72
51
0
0
0
0
0
0
8
0
0
0
0
0
97
73
0
0
0
0
0
0
48
94
72
0
11
0
0
0
0
0
0
0
0
0
15
143
86
255
255
229
40
0
0
0
0
0
0
0
0
11
0
122
166
155
0
50
0
0
0
0
0
0
0
0
2
86
64
0
0
54
10
0
0
0
0
0
0
0
0
0
16
0
0
57
24
0
0
0
0
0
0
4
0
0
0
0
30
82
52
0
0
0
0
0
0
112
156
214
219
255
255
112
60
0
0
0
0
0
0
0
43
148
242
255
212
98
6
0
0
0
