0
0
255
0
0
112
60
0
0
0
70
255
103
130
0
0
0
0
0
0
0
255
0
0
0
0
0
0
0
0
15
0
0
0
0
0
0
0
0
0
0
0
0
0
0
112
14
52
147
0
255
0
255
0
89
218
0
255
0
110
0
253
0
0
38
255
254
215
101
46
209
0
255
173
93
0
127
255
255
82
0
0
173
209
167
0
167
153
74
187
0
0
255
199
112
0
0
255
161
87
0
0
0
0
97
154
0
0
0
70
255
0
0
0
93
1
43
51
0
74
255
0
0
0
78
255
0
0
0
184
255
0
0
0
186
38
0
0
0
157
255
0
0
0
148
255
0
0
0
47
0
0
0
0
0
101
172
0
0
0
222
2
0
0
0
87
38
0
0
0
0
35
0
0
0
0
237
255
0
255
255
0
190
112
255
255
255
236
0
212
38
0
255
255
86
255
255
113
255
0
0
255
0
130
96
0
0
0
163
62
16
19
255
238
138
33
85
255
0
255
175
12
0
42
191
52
67
0
89
154
228
255
0
223
144
41
255
0
67
174
0
157
0
255
141
0
255
255
255
142
16
56
128
0
42
0
0
0
126
27
36
0
60
0
0
157
0
197
0
2
0
0
0
255
255
24
0
255
255
95
255
91
20
17
124
0
44
255
255
86
255
71
0
255
1
253
240
0
78
25
0
0
0
0
0
222
62
0
255
0
0
0
0
0
0
0
255
0
255
0
0
0
0
0
0
210
255
5
0
0
60
0
100
3
0
28
57
180
0
0
0
213
0
0
0
0
0
0
31
0
84
184
153
140
7
0
0
0
0
0
0
255
122
118
0
0
0
0
0
0
14
0
0
0
0
0
0
0
255
128
0
88
255
8
57
0
0
49
255
60
63
0
0
0
3
0
2
255
65
3
