00
00
00
00
00
00
00
00
00
00
00
00
00
00
00
00
00
00
00
00
00
00
00
00
00
00
00
00
00
00
00
00
1B
D6
00
00
00
00
00
00
00
00
00
39
FF
26
00
00
00
00
00
00
00
00
00
74
00
00
00
00
00
00
00
00
00
00
00
00
00
00
00
00
00
00
00
00
00
00
00
00
4D
16
00
00
00
00
00
00
00
00
6C
FF
FF
00
00
00
00
00
00
00
00
00
00
00
00
00
00
00
00
00
00
00
00
00
00
00
00
00
00
00
00
DB
FF
00
00
00
00
00
00
00
00
A9
00
00
00
00
00
00
00
00
0C
00
00
00
00
00
00
00
00
00
00
00
00
00
00
00
00
00
00
00
00
00
00
00
00
00
00
00
00
00
00
00
00
00
00
00
00
00
00
00
00
00
00
28
27
9B
58
00
00
00
00
00
00
00
6D
84
00
00
00
00
00
00
FF
00
00
00
00
3A
1C
00
00
FF
00
00
00
00
00
15
1E
00
CE
76
00
00
00
00
00
32
1A
03
FF
00
00
00
00
00
00
00
00
22
93
00
00
00
00
00
00
00
00
2F
00
00
00
00
00
27
00
00
00
31
00
00
00
00
00
FF
00
00
53
32
00
00
1B
00
61
FF
00
00
C0
20
00
00
00
00
FF
A0
00
00
A9
19
00
00
00
00
AA
00
00
50
51
1A
00
00
00
00
00
00
00
00
00
00
00
00
00
00
03
FF
ED
18
00
00
00
00
00
D9
FF
FF
87
66
41
00
00
00
00
00
00
00
84
FF
A3
10
00
00
00
45
00
00
00
2B
7A
60
00
00
BF
FF
FF
FF
E5
65
72
48
00
00
00
00
00
13
6D
52
21
1C
00
00
00
00
00
00
00
00
3C
40
00
00
B1
E9
FF
FF
00
00
5C
1E
00
00
00
00
00
00
00
00
2D
00
00
00
00
00
00
00
00
04
36
00
00
00
00
00
00
00
00
00
00
00
00
00
00
00
00
00
00
00
00
00
00
00
00
00
00
00
00
00
3C
1F
00
00
15
00
00
00
00
00
48
40
00
00
FF
93
00
00
00
00
54
72
00
00
F5
FF
00
00
00
00
43
71
00
00
00
00
00
00
00
00
3B
4B
00
00
00
00
00
00
00
00
44
33
75
00
00
00
00
00
00
00
27
19
00
51
00
00
00
00
00
1F
41
00
AC
3E
00
00
00
00
00
00
29
05
FF
00
00
00
00
00
00
00
38
22
BE
00
00
00
00
00
00
00
51
63
00
00
00
00
00
00
00
00
6E
B5
00
00
00
00
00
00
00
00
25
E6
00
00
00
00
00
00
00
00
00
C7
00
00
00
31
FF
00
00
00
00
80
00
00
00
00
D3
00
00
00
00
22
00
00
00
00
00
00
00
00
00
00
A4
4D
00
00
00
00
00
00
00
00
0C
00
00
00
00
00
00
00
00
00
00
00
00
00
10
00
00
00
00
00
00
00
00
00
00
00
00
00
00
00
00
00
00
00
00
00
00
00
00
00
00
00
00
00
00
00
00
00
00
00
00
00
00
00
00
00
00
00
00
00
50
00
00
00
00
00
00
00
00
00
00
00
00
00
00
00
00
00
00
00
00
00
00
00
00
00
00
00
00
00
00
00
00
00
1C
00
00
00
00
00
00
00
00
00
1E
FF
FF
23
00
00
00
00
00
00
00
00
FF
FF
84
07
6F
FF
A4
00
00
00
00
FF
FF
42
00
00
FF
FF
BF
00
00
00
FF
8E
00
00
00
EC
FF
FF
00
00
4E
86
00
00
38
43
1E
FF
34
00
00
3F
00
00
00
FF
FF
FF
73
00
00
17
1D
00
00
00
4A
94
00
00
00
00
FF
FF
00
00
00
00
00
00
00
00
00
00
00
00
00
00
00
00
21
00
00
00
00
00
00
00
00
00
00
00
00
00
00
00
00
00
00
00
00
00
00
00
BE
00
00
00
00
00
00
00
00
EF
FF
20
00
00
00
8A
1C
00
00
FF
F0
00
00
00
00
FD
8B
00
00
D1
F8
00
00
00
00
C9
B9
23
00
00
EA
00
00
00
00
A3
C0
2B
00
00
00
00
00
00
00
D5
6B
03
72
00
00
00
00
00
39
5B
20
00
47
91
00
00
00
15
00
40
2F
00
43
00
00
00
00
00
00
00
00
07
00
00
00
00
00
00
00
27
4B
0B
00
46
AD
00
00
00
00
20
7E
16
00
7A
00
00
00
1B
00
22
9C
61
00
98
00
00
00
00
7A
6C
62
92
43
E5
00
00
00
00
BE
9F
32
9E
F3
FF
00
FF
00
00
FF
FF
3F
AA
FF
FF
06
FF
00
00
FF
BC
49
74
8E
FF
F8
FF
00
00
76
00
59
34
17
00
00
00
00
E1
AF
12
15
00
00
00
00
00
43
6C
00
00
00
00
00
00
00
00
00
00
00
00
00
00
00
00
00
00
00
00
00
00
00
00
00
00
03
00
00
00
00
00
00
00
00
00
00
00
00
00
00
00
00
1A
00
00
00
00
00
00
00
00
44
34
00
00
00
00
00
00
00
00
98
0E
00
00
00
00
00
00
00
FF
55
00
00
00
00
00
00
00
FF
FF
0E
02
00
00
00
00
00
28
90
1A
22
00
00
00
00
00
00
00
2A
20
56
08
00
00
00
00
00
00
00
00
62
18
00
00
00
B2
FF
4C
00
00
0A
37
00
00
00
3F
FF
FF
D0
00
00
61
1F
00
00
00
00
FF
FF
00
00
5D
9F
00
00
00
00
FF
FF
00
00
63
FF
00
00
00
00
D8
FD
00
00
68
FF
FF
00
00
00
00
00
00
00
44
00
89
00
00
00
00
00
6A
00
23
00
00
00
00
00
00
00
00
00
00
00
00
00
00
00
00
00
00
00
04
00
00
00
00
00
00
00
00
00
00
00
00
00
00
00
00
00
00
00
00
00
00
00
00
00
00
00
00
00
00
6D
68
00
00
00
00
00
00
00
00
FF
FF
0A
00
00
4F
F2
58
00
00
FF
AD
00
00
00
00
80
43
00
00
00
00
00
00
00
00
00
00
00
00
00
00
00
00
00
00
00
00
00
00
00
00
00
00
FF
CA
00
00
00
00
00
00
07
FF
E4
00
00
00
00
00
00
00
FF
00
00
00
00
00
00
00
00
FB
00
00
00
00
00
00
00
00
91
8A
00
00
00
00
00
00
00
00
4B
00
00
00
00
00
00
00
00
00
00
00
00
00
00
00
00
00
00
00
00
00
00
00
00
00
00
00
00
00
00
00
00
00
00
00
2D
00
00
00
00
00
00
00
00
FF
00
00
00
00
00
00
00
00
00
31
3E
1B
01
00
00
00
00
00
00
00
00
00
00
01
00
00
00
00
00
00
00
00
00
00
0B
00
00
00
00
00
00
00
00
00
B5
35
FF
CC
D6
3B
24
00
00
00
00
00
00
00
00
00
63
00
00
00
00
00
00
00
00
00
00
00
00
00
00
00
00
00
00
00
00
00
00
00
00
00
00
00
00
00
00
00
00
00
00
00
00
00
00
00
00
00
01
00
13
00
00
00
00
00
4C
3A
39
00
09
03
00
00
00
00
00
00
08
05
00
00
00
00
CA
EA
4B
00
00
10
00
00
00
00
FF
FF
FF
C6
00
15
00
00
00
00
00
00
FF
D9
26
1F
00
00
00
00
00
00
00
00
00
37
00
00
00
00
00
00
00
00
00
2A
00
00
00
00
00
00
00
00
00
00
00
00
DB
FF
D2
32
00
00
00
07
00
00
00
26
FF
26
00
25
00
06
