00
00
00
00
00
05
20
4A
44
00
00
00
00
00
00
00
00
00
09
80
FF
E4
79
00
00
00
00
00
00
00
00
14
A6
F9
F6
1D
00
00
00
00
00
00
00
00
1F
B4
FF
F1
00
0A
05
00
00
00
00
00
00
00
57
DD
D3
93
E5
7A
11
00
00
00
00
00
00
18
6B
96
06
F9
FA
E5
B9
2D
00
00
00
00
00
3D
50
00
00
00
00
4A
AF
6E
00
00
00
00
00
51
3E
00
00
00
00
00
35
4A
00
00
00
00
00
4F
00
2F
06
00
01
2B
00
2B
00
00
00
00
00
37
00
4D
34
00
09
43
00
10
00
00
00
00
00
1D
00
AC
F2
C8
E0
FB
12
00
00
00
00
00
00
01
00
5D
FF
FF
FF
FF
00
03
00
00
00
00
00
01
00
00
00
00
00
00
07
08
00
00
00
00
00
00
00
00
00
00
00
00
05
00
00
00
00
00
00
00
00
00
00
00
00
1F
24
00
00
00
00
00
00
00
00
00
00
00
91
88
28
00
00
00
00
00
00
00
00
00
00
E2
D0
00
26
00
00
00
00
00
00
00
00
03
DF
E8
14
43
27
00
00
00
00
00
00
00
00
77
A0
74
6B
33
07
00
00
00
00
00
00
00
64
9D
26
4A
24
2E
30
13
00
00
00
00
00
00
76
65
62
6C
88
17
1D
20
00
00
00
00
00
00
79
30
1A
03
62
53
40
2E
00
00
00
00
00
00
77
3A
14
00
00
4A
44
43
00
00
00
00
00
02
76
35
11
00
00
55
50
2B
00
00
00
00
00
13
47
23
23
10
00
C9
6E
14
00
00
00
00
00
14
65
37
0B
2E
7C
D0
00
29
00
00
00
00
00
00
3E
61
64
59
3F
32
3E
18
00
00
00
00
00
00
00
00
12
36
43
38
17
00
00
00
00
00
00
00
00
00
00
00
15
00
00
00
00
00
00
00
00
00
00
00
00
1B
19
00
00
00
00
00
00
00
00
00
00
02
0C
13
00
9A
76
00
00
00
00
00
00
00
00
23
10
1A
66
58
00
00
00
00
00
00
00
00
36
51
00
00
00
00
00
00
00
00
00
00
00
00
5E
20
FF
FF
FF
35
00
00
00
00
00
00
00
00
56
00
55
C2
FF
FF
EF
00
00
00
00
00
00
00
75
00
21
00
00
EB
FF
00
00
00
00
00
00
00
8F
00
06
00
00
18
B5
00
00
00
00
00
00
00
C2
00
00
00
00
48
5C
0F
00
00
00
00
00
00
FF
FF
00
00
00
17
00
21
00
00
00
00
00
00
59
FF
FF
C6
39
35
72
49
00
00
00
00
00
00
00
26
FF
FF
FF
FF
89
00
00
00
00
00
00
00
00
00
00
00
00
00
00
00
00
00
00
00
00
00
00
00
00
00
0D
54
00
00
00
00
00
00
00
00
00
00
00
00
0C
88
83
00
00
00
00
00
00
00
00
00
00
00
00
AF
86
00
00
00
00
00
00
00
00
00
00
42
B1
9D
00
00
00
00
00
00
00
00
00
00
BA
FF
9A
3A
00
00
00
00
00
00
00
00
00
00
62
41
CF
FF
CC
00
00
00
00
00
00
00
00
BA
67
00
00
9E
FF
65
00
00
00
00
00
00
00
FF
3E
00
00
00
FF
FD
00
00
00
00
00
00
43
FF
00
00
00
00
C1
EB
00
00
00
00
00
00
43
FF
00
00
00
00
D3
BE
00
00
00
00
00
00
00
FF
F1
5E
2C
00
C5
AB
00
00
00
00
00
00
00
00
7C
78
38
24
F0
57
00
00
00
00
00
00
00
00
00
00
00
84
B1
00
00
00
00
00
00
00
00
00
00
00
02
0F
00
00
00
00
00
00
00
00
00
00
00
0E
2B
00
00
00
00
00
00
00
00
00
00
00
1A
AB
B3
00
00
00
00
00
00
00
00
00
00
34
B7
BF
3B
00
00
00
00
00
00
00
00
00
3A
E0
C2
00
00
00
00
00
00
00
00
00
00
01
FF
FF
00
00
00
00
00
00
00
00
00
00
00
29
FF
F6
00
00
00
00
00
00
00
00
00
00
00
9B
FF
00
61
8F
9B
58
00
00
00
00
00
00
00
FF
FF
00
07
3B
BD
FF
00
00
00
00
00
00
00
FF
CD
00
00
00
0F
FF
69
00
00
00
00
00
00
FF
E7
00
00
00
14
FF
3E
00
00
00
00
00
00
FC
FF
00
00
00
47
FF
00
00
00
00
00
00
00
80
E3
8C
00
00
11
18
00
00
00
00
00
00
00
0E
8D
A7
86
32
00
00
00
00
00
00
00
00
00
00
02
1F
4D
52
42
12
00
00
00
00
00
00
00
00
00
00
00
10
14
00
00
00
00
00
00
00
00
00
00
00
1B
18
00
00
00
00
00
00
00
00
00
00
00
12
1A
00
B0
76
4F
00
00
00
00
00
00
00
0F
06
00
DC
E9
7E
41
00
00
00
00
00
00
01
10
00
29
50
4B
21
00
00
00
00
00
00
00
0B
00
15
16
00
00
00
00
00
00
00
00
00
00
07
00
D4
EA
F4
93
22
00
00
00
00
00
00
00
02
00
44
42
6B
94
26
00
00
00
00
00
00
00
00
00
2B
20
00
23
00
00
3E
00
00
00
00
00
00
00
14
01
00
10
00
2D
38
00
00
00
00
00
0D
00
00
00
00
0C
00
48
32
00
00
00
00
00
2D
1F
00
00
00
00
A1
6A
46
00
00
00
00
00
1F
77
B7
FF
FF
FF
F5
6B
29
00
00
00
00
00
00
05
4B
A1
DA
D0
6C
27
00
00
00
00
00
