0
0
0
0
0
0
0
0
0
0
0
0
0
0
0
0
0
0
0
0
0
0
0
0
0
0
0
0
0
0
0
0
27
214
0
0
0
0
0
0
0
0
0
57
255
38
0
0
0
0
0
0
0
0
0
116
0
0
0
0
0
0
0
0
0
0
0
0
0
0
0
0
0
0
0
0
0
0
0
0
77
22
0
0
0
0
0
0
0
0
108
255
255
0
0
0
0
0
0
0
0
0
0
0
0
0
0
0
0
0
0
0
0
0
0
0
0
0
0
0
0
219
255
0
0
0
0
0
0
0
0
169
0
0
0
0
0
0
0
0
12
0
0
0
0
0
0
0
0
0
0
0
0
0
0
0
0
0
0
0
0
0
0
0
0
0
0
0
0
0
0
0
0
0
0
0
0
0
0
0
0
0
0
40
39
155
88
0
0
0
0
0
0
0
109
132
0
0
0
0
0
0
255
0
0
0
0
58
28
0
0
255
0
0
0
0
0
21
30
0
206
118
0
0
0
0
0
50
26
3
255
0
0
0
0
0
0
0
0
34
147
0
0
0
0
0
0
0
0
47
0
0
0
0
0
39
0
0
0
49
0
0
0
0
0
255
0
0
83
50
0
0
27
0
97
255
0
0
192
32
0
0
0
0
255
160
0
0
169
25
0
0
0
0
170
0
0
80
81
26
0
0
0
0
0
0
0
0
0
0
0
0
0
0
3
255
237
24
0
0
0
0
0
217
255
255
135
102
65
0
0
0
0
0
0
0
132
255
163
16
0
0
0
69
0
0
0
43
122
96
0
0
191
255
255
255
229
101
114
72
0
0
0
0
0
19
109
82
33
28
0
0
0
0
0
0
0
0
60
64
0
0
177
233
255
255
0
0
92
30
0
0
0
0
0
0
0
0
45
0
0
0
0
0
0
0
0
4
54
0
0
0
0
0
0
0
0
0
0
0
0
0
0
0
0
0
0
0
0
0
0
0
0
0
0
0
0
0
60
31
0
0
21
0
0
0
0
0
72
64
0
0
255
147
0
0
0
0
84
114
0
0
245
255
0
0
0
0
67
113
0
0
0
0
0
0
0
0
59
75
0
0
0
0
0
0
0
0
68
51
117
0
0
0
0
0
0
0
39
25
0
81
0
0
0
0
0
31
65
0
172
62
0
0
0
0
0
0
41
5
255
0
0
0
0
0
0
0
56
34
190
0
0
0
0
0
0
0
81
99
0
0
0
0
0
0
0
0
110
181
0
0
0
0
0
0
0
0
37
230
0
0
0
0
0
0
0
0
0
199
0
0
0
49
255
0
0
0
0
128
0
0
0
0
211
0
0
0
0
34
0
0
0
0
0
0
0
0
0
0
164
77
0
0
0
0
0
0
0
0
12
0
0
0
0
0
0
0
0
0
0
0
0
0
16
0
0
0
0
0
0
0
0
0
0
0
0
0
0
0
0
0
0
0
0
0
0
0
0
0
0
0
0
0
0
0
0
0
0
0
0
0
0
0
0
0
0
0
0
0
80
0
0
0
0
0
0
0
0
0
0
0
0
0
0
0
0
0
0
0
0
0
0
0
0
0
0
0
0
0
0
0
0
0
28
0
0
0
0
0
0
0
0
0
30
255
255
35
0
0
0
0
0
0
0
0
255
255
132
7
111
255
164
0
0
0
0
255
255
66
0
0
255
255
191
0
0
0
255
142
0
0
0
236
255
255
0
0
78
134
0
0
56
67
30
255
52
0
0
63
0
0
0
255
255
255
115
0
0
23
29
0
0
0
74
148
0
0
0
0
255
255
0
0
0
0
0
0
0
0
0
0
0
0
0
0
0
0
33
0
0
0
0
0
0
0
0
0
0
0
0
0
0
0
0
0
0
0
0
0
0
0
190
0
0
0
0
0
0
0
0
239
255
32
0
0
0
138
28
0
0
255
240
0
0
0
0
253
139
0
0
209
248
0
0
0
0
201
185
35
0
0
234
0
0
0
0
163
192
43
0
0
0
0
0
0
0
213
107
3
114
0
0
0
0
0
57
91
32
0
71
145
0
0
0
21
0
64
47
0
67
0
0
0
0
0
0
0
0
7
0
0
0
0
0
0
0
39
75
11
0
70
173
0
0
0
0
32
126
22
0
122
0
0
0
27
0
34
156
97
0
152
0
0
0
0
122
108
98
146
67
229
0
0
0
0
190
159
50
158
243
255
0
255
0
0
255
255
63
170
255
255
6
255
0
0
255
188
73
116
142
255
248
255
0
0
118
0
89
52
23
0
0
0
0
225
175
18
21
0
0
0
0
0
67
108
0
0
0
0
0
0
0
0
0
0
0
0
0
0
0
0
0
0
0
0
0
0
0
0
0
0
3
0
0
0
0
0
0
0
0
0
0
0
0
0
0
0
0
26
0
0
0
0
0
0
0
0
68
52
0
0
0
0
0
0
0
0
152
14
0
0
0
0
0
0
0
255
85
0
0
0
0
0
0
0
255
255
14
2
0
0
0
0
0
40
144
26
34
0
0
0
0
0
0
0
42
32
86
8
0
0
0
0
0
0
0
0
98
24
0
0
0
178
255
76
0
0
10
55
0
0
0
63
255
255
208
0
0
97
31
0
0
0
0
255
255
0
0
93
159
0
0
0
0
255
255
0
0
99
255
0
0
0
0
216
253
0
0
104
255
255
0
0
0
0
0
0
0
68
0
137
0
0
0
0
0
106
0
35
0
0
0
0
0
0
0
0
0
0
0
0
0
0
0
0
0
0
0
4
0
0
0
0
0
0
0
0
0
0
0
0
0
0
0
0
0
0
0
0
0
0
0
0
0
0
0
0
0
0
109
104
0
0
0
0
0
0
0
0
255
255
10
0
0
79
242
88
0
0
255
173
0
0
0
0
128
67
0
0
0
0
0
0
0
0
0
0
0
0
0
0
0
0
0
0
0
0
0
0
0
0
0
0
255
202
0
0
0
0
0
0
7
255
228
0
0
0
0
0
0
0
255
0
0
0
0
0
0
0
0
251
0
0
0
0
0
0
0
0
145
138
0
0
0
0
0
0
0
0
75
0
0
0
0
0
0
0
0
0
0
0
0
0
0
0
0
0
0
0
0
0
0
0
0
0
0
0
0
0
0
0
0
0
0
0
45
0
0
0
0
0
0
0
0
255
0
0
0
0
0
0
0
0
0
49
62
27
1
0
0
0
0
0
0
0
0
0
0
1
0
0
0
0
0
0
0
0
0
0
11
0
0
0
0
0
0
0
0
0
181
53
255
204
214
59
36
0
0
0
0
0
0
0
0
0
99
0
0
0
0
0
0
0
0
0
0
0
0
0
0
0
0
0
0
0
0
0
0
0
0
0
0
0
0
0
0
0
0
0
0
0
0
0
0
0
0
0
1
0
19
0
0
0
0
0
76
58
57
0
9
3
0
0
0
0
0
0
8
5
0
0
0
0
202
234
75
0
0
16
0
0
0
0
255
255
255
198
0
21
0
0
0
0
0
0
255
217
38
31
0
0
0
0
0
0
0
0
0
55
0
0
0
0
0
0
0
0
0
42
0
0
0
0
0
0
0
0
0
0
0
0
219
255
210
50
0
0
0
7
0
0
0
38
255
38
0
37
0
6
