0
0
0
0
0
5
32
74
68
0
0
0
0
0
0
0
0
0
9
128
255
228
121
0
0
0
0
0
0
0
0
20
166
249
246
29
0
0
0
0
0
0
0
0
31
180
255
241
0
10
5
0
0
0
0
0
0
0
87
221
211
147
229
122
17
0
0
0
0
0
0
24
107
150
6
249
250
229
185
45
0
0
0
0
0
61
80
0
0
0
0
74
175
110
0
0
0
0
0
81
62
0
0
0
0
0
53
74
0
0
0
0
0
79
0
47
6
0
1
43
0
43
0
0
0
0
0
55
0
77
52
0
9
67
0
16
0
0
0
0
0
29
0
172
242
200
224
251
18
0
0
0
0
0
0
1
0
93
255
255
255
255
0
3
0
0
0
0
0
1
0
0
0
0
0
0
7
8
0
0
0
0
0
0
0
0
0
0
0
0
5
0
0
0
0
0
0
0
0
0
0
0
0
31
36
0
0
0
0
0
0
0
0
0
0
0
145
136
40
0
0
0
0
0
0
0
0
0
0
226
208
0
38
0
0
0
0
0
0
0
0
3
223
232
20
67
39
0
0
0
0
0
0
0
0
119
160
116
107
51
7
0
0
0
0
0
0
0
100
157
38
74
36
46
48
19
0
0
0
0
0
0
118
101
98
108
136
23
29
32
0
0
0
0
0
0
121
48
26
3
98
83
64
46
0
0
0
0
0
0
119
58
20
0
0
74
68
67
0
0
0
0
0
2
118
53
17
0
0
85
80
43
0
0
0
0
0
19
71
35
35
16
0
201
110
20
0
0
0
0
0
20
101
55
11
46
124
208
0
41
0
0
0
0
0
0
62
97
100
89
63
50
62
24
0
0
0
0
0
0
0
0
18
54
67
56
23
0
0
0
0
0
0
0
0
0
0
0
21
0
0
0
0
0
0
0
0
0
0
0
0
27
25
0
0
0
0
0
0
0
0
0
0
2
12
19
0
154
118
0
0
0
0
0
0
0
0
35
16
26
102
88
0
0
0
0
0
0
0
0
54
81
0
0
0
0
0
0
0
0
0
0
0
0
94
32
255
255
255
53
0
0
0
0
0
0
0
0
86
0
85
194
255
255
239
0
0
0
0
0
0
0
117
0
33
0
0
235
255
0
0
0
0
0
0
0
143
0
6
0
0
24
181
0
0
0
0
0
0
0
194
0
0
0
0
72
92
15
0
0
0
0
0
0
255
255
0
0
0
23
0
33
0
0
0
0
0
0
89
255
255
198
57
53
114
73
0
0
0
0
0
0
0
38
255
255
255
255
137
0
0
0
0
0
0
0
0
0
0
0
0
0
0
0
0
0
0
0
0
0
0
0
0
0
13
84
0
0
0
0
0
0
0
0
0
0
0
0
12
136
131
0
0
0
0
0
0
0
0
0
0
0
0
175
134
0
0
0
0
0
0
0
0
0
0
66
177
157
0
0
0
0
0
0
0
0
0
0
186
255
154
58
0
0
0
0
0
0
0
0
0
0
98
65
207
255
204
0
0
0
0
0
0
0
0
186
103
0
0
158
255
101
0
0
0
0
0
0
0
255
62
0
0
0
255
253
0
0
0
0
0
0
67
255
0
0
0
0
193
235
0
0
0
0
0
0
67
255
0
0
0
0
211
190
0
0
0
0
0
0
0
255
241
94
44
0
197
171
0
0
0
0
0
0
0
0
124
120
56
36
240
87
0
0
0
0
0
0
0
0
0
0
0
132
177
0
0
0
0
0
0
0
0
0
0
0
2
15
0
0
0
0
0
0
0
0
0
0
0
14
43
0
0
0
0
0
0
0
0
0
0
0
26
171
179
0
0
0
0
0
0
0
0
0
0
52
183
191
59
0
0
0
0
0
0
0
0
0
58
224
194
0
0
0
0
0
0
0
0
0
0
1
255
255
0
0
0
0
0
0
0
0
0
0
0
41
255
246
0
0
0
0
0
0
0
0
0
0
0
155
255
0
97
143
155
88
0
0
0
0
0
0
0
255
255
0
7
59
189
255
0
0
0
0
0
0
0
255
205
0
0
0
15
255
105
0
0
0
0
0
0
255
231
0
0
0
20
255
62
0
0
0
0
0
0
252
255
0
0
0
71
255
0
0
0
0
0
0
0
128
227
140
0
0
17
24
0
0
0
0
0
0
0
14
141
167
134
50
0
0
0
0
0
0
0
0
0
0
2
31
77
82
66
18
0
0
0
0
0
0
0
0
0
0
0
16
20
0
0
0
0
0
0
0
0
0
0
0
27
24
0
0
0
0
0
0
0
0
0
0
0
18
26
0
176
118
79
0
0
0
0
0
0
0
15
6
0
220
233
126
65
0
0
0
0
0
0
1
16
0
41
80
75
33
0
0
0
0
0
0
0
11
0
21
22
0
0
0
0
0
0
0
0
0
0
7
0
212
234
244
147
34
0
0
0
0
0
0
0
2
0
68
66
107
148
38
0
0
0
0
0
0
0
0
0
43
32
0
35
0
0
62
0
0
0
0
0
0
0
20
1
0
16
0
45
56
0
0
0
0
0
13
0
0
0
0
12
0
72
50
0
0
0
0
0
45
31
0
0
0
0
161
106
70
0
0
0
0
0
31
119
183
255
255
255
245
107
41
0
0
0
0
0
0
5
75
161
218
208
108
39
0
0
0
0
0
