0
0
0
0
0
0
214
0
0
0
0
57
255
0
0
0
0
0
0
0
255
255
0
0
0
0
0
0
0
0
219
255
0
0
0
12
0
0
0
0
0
0
0
0
0
0
40
155
88
0
255
255
0
58
30
255
0
0
50
34
147
0
39
0
49
0
27
255
0
192
0
0
255
80
169
0
0
255
237
0
0
217
255
255
163
0
255
255
229
122
0
0
19
109
64
0
233
255
0
92
0
0
0
4
54
0
0
0
0
60
0
255
0
0
114
0
255
0
0
113
117
0
0
0
68
172
0
0
31
65
255
0
0
0
99
0
0
0
0
230
0
49
255
0
199
0
0
211
0
34
164
0
0
0
0
0
0
16
0
0
0
0
0
0
0
80
0
0
0
0
0
0
0
0
0
0
0
255
255
0
255
164
0
255
255
0
255
255
0
255
0
255
255
115
63
255
0
148
0
0
0
0
0
0
33
0
190
0
0
0
255
255
0
253
139
209
248
0
201
192
114
0
0
213
107
145
0
21
64
47
70
173
0
39
126
152
0
27
122
156
255
255
0
255
170
255
255
0
255
116
23
0
225
175
21
0
0
0
0
0
0
3
0
0
26
0
0
0
0
152
0
0
0
255
85
0
0
40
144
86
0
178
255
0
98
31
63
255
255
97
255
0
255
255
104
255
0
0
106
68
0
0
0
0
4
0
0
0
0
0
109
0
0
0
0
255
10
79
242
0
0
0
0
0
0
0
255
255
0
0
251
255
0
0
0
145
0
0
0
0
0
0
0
0
0
0
0
255
45
0
0
0
49
62
1
11
0
0
0
0
181
255
214
99
0
0
0
0
0
0
0
0
0
0
1
19
0
0
76
57
0
0
255
255
21
0
0
0
255
55
0
0
0
0
42
0
255
255
37
7
