00
00
00
00
00
00
D6
00
00
00
00
39
FF
00
00
00
00
00
00
00
FF
FF
00
00
00
00
00
00
00
00
DB
FF
00
00
00
0C
00
00
00
00
00
00
00
00
00
00
28
9B
58
00
FF
FF
00
3A
1E
FF
00
00
32
22
93
00
27
00
31
00
1B
FF
00
C0
00
00
FF
50
A9
00
00
FF
ED
00
00
D9
FF
FF
A3
00
FF
FF
E5
7A
00
00
13
6D
40
00
E9
FF
00
5C
00
00
00
04
36
00
00
00
00
3C
00
FF
00
00
72
00
FF
00
00
71
75
00
00
00
44
AC
00
00
1F
41
FF
00
00
00
63
00
00
00
00
E6
00
31
FF
00
C7
00
00
D3
00
22
A4
00
00
00
00
00
00
10
00
00
00
00
00
00
00
50
00
00
00
00
00
00
00
00
00
00
00
FF
FF
00
FF
A4
00
FF
FF
00
FF
FF
00
FF
00
FF
FF
73
3F
FF
00
94
00
00
00
00
00
00
21
00
BE
00
00
00
FF
FF
00
FD
8B
D1
F8
00
C9
C0
72
00
00
D5
6B
91
00
15
40
2F
46
AD
00
27
7E
98
00
1B
7A
9C
FF
FF
00
FF
AA
FF
FF
00
FF
74
17
00
E1
AF
15
00
00
00
00
00
00
03
00
00
1A
00
00
00
00
98
00
00
00
FF
55
00
00
28
90
56
00
B2
FF
00
62
1F
3F
FF
FF
61
FF
00
FF
FF
68
FF
00
00
6A
44
00
00
00
00
04
00
00
00
00
00
6D
00
00
00
00
FF
0A
4F
F2
00
00
00
00
00
00
00
FF
FF
00
00
FB
FF
00
00
00
91
00
00
00
00
00
00
00
00
00
00
00
FF
2D
00
00
00
31
3E
01
0B
00
00
00
00
B5
FF
D6
63
00
00
00
00
00
00
00
00
00
00
01
13
00
00
4C
39
00
00
FF
FF
15
00
00
00
FF
37
00
00
00
00
2A
00
FF
FF
25
07
