00
00
00
00
00
E6
AF
C9
EA
A1
00
00
00
00
00
00
00
00
00
00
00
00
00
00
00
00
00
00
00
00
00
00
00
00
00
00
00
00
00
00
00
BC
FF
CF
00
90
FF
2E
00
00
00
00
00
00
00
00
00
00
00
00
00
00
00
00
00
00
00
00
00
00
00
00
00
00
00
00
00
00
00
00
00
36
59
24
00
00
00
00
00
00
00
00
00
00
00
00
00
00
00
00
00
00
00
00
00
00
00
00
00
00
00
00
00
00
00
00
00
00
00
00
00
00
5C
00
00
00
00
00
00
00
19
FF
82
00
00
00
00
00
00
00
02
00
00
00
00
00
00
00
00
00
00
00
00
00
00
00
00
00
00
00
00
00
00
00
00
00
00
24
00
00
00
00
00
00
00
00
00
00
00
00
00
00
00
00
00
00
00
00
00
00
00
02
00
00
00
00
00
00
00
00
00
00
FF
00
00
00
00
00
0C
00
00
FF
89
00
00
2F
00
00
00
00
2F
FF
00
00
20
00
00
00
00
00
FF
00
00
00
00
00
00
00
00
00
EB
00
00
00
00
00
00
00
00
00
00
00
00
00
00
00
FF
00
00
2F
00
00
00
00
15
96
10
00
00
95
00
0D
01
00
00
00
00
00
00
60
00
86
00
00
00
00
00
00
0D
31
17
09
00
00
00
00
00
07
32
20
00
00
00
00
00
00
00
00
00
00
00
00
00
00
00
FF
FF
FF
FF
FF
00
00
00
00
EF
B0
00
00
00
00
00
00
00
26
1F
00
00
00
00
17
00
00
00
00
00
00
00
00
00
14
00
00
41
FF
FF
FF
FF
FF
85
00
00
00
43
5E
43
81
F3
5B
4F
93
00
00
00
00
00
00
00
00
19
5C
00
00
00
00
00
00
5C
6B
04
00
00
00
94
FF
FF
F1
0D
00
00
00
00
00
00
00
00
00
00
00
00
00
00
00
00
00
00
00
00
00
00
00
00
00
00
00
00
00
00
00
26
46
00
00
00
00
00
00
00
00
00
12
FF
00
00
00
00
00
00
00
00
00
FF
00
00
00
00
00
00
00
00
00
00
00
00
00
00
00
00
00
00
00
00
00
00
00
00
00
00
00
00
00
FF
9B
00
00
00
00
00
00
00
00
FF
FF
05
00
00
00
00
00
00
00
03
B9
2D
00
00
00
00
00
00
00
88
F9
00
00
00
00
00
00
00
00
FF
0B
00
00
00
00
00
00
00
00
EC
00
00
00
00
00
00
00
00
00
00
00
00
00
00
00
00
00
00
00
00
00
00
00
00
00
00
00
00
00
00
00
00
00
00
00
00
00
00
00
00
00
00
00
00
00
00
00
00
00
5C
00
00
00
00
00
00
00
00
00
5F
00
00
00
00
00
00
00
00
00
51
00
00
00
00
00
00
00
00
00
00
00
00
00
00
75
FF
FF
FF
FF
31
00
00
6B
FF
FF
FF
6C
00
00
00
00
00
00
00
00
00
00
00
00
00
00
00
00
00
00
00
00
00
00
FF
FF
FF
FF
FF
FF
00
00
00
00
FF
FF
FF
FF
00
00
00
00
00
00
54
58
00
00
00
00
00
00
39
23
00
00
00
00
00
AA
FF
FF
FF
43
28
AD
FF
FF
FF
FF
FF
F2
24
00
00
0F
3B
74
00
00
01
89
95
00
00
00
00
00
22
FF
D8
75
BE
C6
00
00
00
00
00
00
00
2D
A0
B5
00
00
00
00
00
00
00
00
00
FF
FF
FB
00
00
11
29
00
00
00
00
14
CA
D5
55
52
FF
FF
D7
00
00
00
00
00
00
00
00
00
15
00
00
6F
00
00
00
00
00
00
00
38
1B
B3
F9
60
00
00
00
00
00
00
00
00
2D
BA
D1
47
26
20
00
00
00
00
00
00
00
00
00
00
27
02
00
00
00
00
00
00
00
00
00
00
00
00
00
00
00
00
00
00
00
00
00
00
00
00
00
00
00
00
00
00
00
00
00
21
00
00
00
00
00
00
00
00
00
00
00
00
00
00
00
00
B2
00
00
00
00
00
00
00
00
2B
5D
00
00
00
00
00
00
00
00
00
00
A0
30
00
00
00
00
00
00
00
00
4E
00
00
00
00
00
00
00
00
00
43
AF
00
14
FF
00
00
00
00
00
6A
00
00
00
00
00
00
00
00
00
00
00
00
00
00
00
00
00
00
00
00
00
FF
02
00
00
00
00
00
00
00
F7
8F
00
00
00
00
00
28
95
00
00
00
00
00
00
00
00
FF
42
00
00
00
00
00
00
00
00
6C
00
00
0B
20
13
00
00
00
00
00
00
00
00
50
00
00
00
00
00
00
00
00
00
00
00
00
00
00
00
00
00
38
08
00
00
00
00
00
0C
00
00
46
00
00
00
89
00
00
00
00
00
00
00
00
00
00
00
00
00
00
00
00
00
00
00
00
00
00
00
00
00
00
00
A7
00
00
00
00
00
00
00
00
00
00
00
00
00
00
00
00
A7
00
00
00
00
00
00
00
00
FF
FF
67
00
00
00
00
00
00
FF
FF
0E
6B
00
00
00
00
00
E6
DA
00
00
00
00
00
00
00
00
00
00
00
00
00
00
00
00
00
00
00
00
00
4F
00
00
00
00
00
00
00
00
00
00
00
00
00
00
00
00
00
00
00
00
00
00
00
00
00
00
76
00
00
00
00
00
00
00
00
00
94
FF
00
00
00
00
00
00
00
00
00
FF
34
00
00
00
00
00
00
00
00
00
56
4A
00
00
00
00
00
00
00
00
78
22
00
00
00
00
00
00
00
00
35
3F
00
00
00
00
00
00
09
25
33
28
00
00
00
00
00
00
00
00
00
00
00
00
00
00
00
00
00
00
00
00
00
00
00
00
00
00
00
ED
FF
FF
00
00
00
00
00
00
00
00
00
00
00
00
00
00
00
00
00
00
00
00
00
18
00
00
00
00
00
00
00
00
4D
BD
00
00
00
00
00
00
00
00
00
00
00
00
00
00
00
00
00
00
00
00
00
00
00
00
00
00
00
00
00
00
00
00
00
00
00
00
05
25
00
00
00
00
76
A8
35
00
00
00
00
00
00
FF
B3
00
00
00
00
00
00
00
FF
00
00
00
00
00
00
00
00
63
00
00
00
00
00
00
00
00
00
00
00
00
00
00
00
00
00
00
AE
85
00
00
00
00
00
00
00
00
5C
00
00
00
00
00
AB
FF
00
00
00
00
00
00
00
FF
FF
00
00
00
00
00
32
FF
FF
11
00
00
00
00
00
8F
DF
00
00
00
00
00
00
00
00
00
00
00
00
C9
FF
FF
FF
FF
00
00
9D
B7
FF
FF
FF
E1
54
00
00
00
00
00
00
00
00
00
00
00
00
00
00
00
00
00
00
00
00
00
00
00
00
FF
B4
5A
39
16
00
00
B1
FF
FF
FF
FF
BB
00
00
00
00
00
00
00
00
00
00
00
00
00
00
00
00
00
00
00
00
00
00
00
00
00
00
D0
FF
FF
B9
00
00
00
00
53
AB
DA
73
00
00
00
00
00
00
00
00
00
00
00
00
00
00
00
00
00
00
00
00
00
00
00
00
00
00
00
00
00
00
00
00
3F
AD
04
00
00
00
00
00
BC
FF
FF
FF
FF
90
00
00
00
00
00
00
00
FF
FF
FF
00
00
00
00
00
00
00
00
00
00
00
00
00
00
00
00
00
00
00
00
00
00
00
1B
00
00
00
00
00
00
00
00
00
00
00
00
00
00
00
00
00
00
00
00
00
00
00
00
00
00
