00
00
00
00
00
09
33
39
2F
6B
8D
8D
6D
22
00
00
00
00
1E
D7
FF
FF
FF
FF
FF
FF
EF
41
00
00
00
11
93
F2
FF
AC
7B
00
00
00
00
00
00
00
03
5B
C3
89
00
00
00
00
02
00
00
0D
00
00
36
9C
92
00
3B
42
3E
1F
01
00
00
00
00
00
5F
B6
92
FF
FF
FF
FF
FF
A0
15
00
00
00
00
66
4E
76
BD
51
1E
6D
A8
B0
57
00
00
00
00
01
00
00
00
00
00
3B
38
54
1C
00
00
00
00
01
00
04
22
A7
FF
FF
A7
00
00
00
00
00
00
00
49
EE
FF
FF
FF
5A
00
06
08
00
00
00
00
00
53
9F
94
00
00
00
08
03
00
00
00
00
00
00
01
00
00
00
03
07
00
00
00
00
00
00
00
00
00
00
00
00
00
00
00
00
00
00
00
00
00
00
00
00
00
00
00
00
00
00
00
00
00
00
00
00
00
00
00
0C
17
00
00
03
1B
28
0F
00
00
00
00
00
00
47
51
79
6A
43
6A
5B
10
00
00
00
00
00
EE
8E
51
47
1F
46
43
1C
1B
00
00
00
00
B9
D1
42
4A
3D
43
47
4B
3D
17
00
00
00
75
99
0B
2C
06
10
13
00
00
00
00
00
00
00
70
32
8B
62
41
34
39
38
09
00
00
00
00
61
71
7A
78
17
29
2B
10
29
17
00
00
00
00
58
42
49
43
4E
4E
4D
E6
6B
00
00
00
00
00
02
0A
12
03
00
73
D8
E9
1E
24
00
00
00
00
00
00
1A
84
AA
DA
78
41
35
0E
00
00
00
00
00
4D
6B
6B
25
39
42
3D
05
00
00
00
00
00
00
2D
33
37
49
41
15
00
00
00
00
00
00
00
00
00
00
00
00
00
00
00
00
00
00
00
00
00
00
00
00
00
00
00
00
00
00
00
00
00
00
00
00
00
00
1F
00
00
00
00
00
00
00
00
00
00
00
00
00
51
1F
00
00
00
1D
30
00
00
00
00
00
00
31
2B
B3
FF
FF
EF
FF
FF
FF
37
00
00
00
33
35
00
7A
6B
31
00
00
00
00
00
00
00
00
4D
02
56
4D
00
00
00
00
00
00
00
00
00
3F
56
00
00
00
00
00
00
00
00
00
00
00
00
38
D6
FF
FF
FF
FF
FF
FF
18
00
00
00
00
00
00
5D
94
56
07
00
00
CA
41
23
00
00
00
00
00
00
00
04
05
05
00
43
90
49
00
00
00
00
00
2A
53
00
00
3E
80
7B
47
00
00
00
00
00
00
08
DC
FF
CD
CB
6C
0B
00
00
00
00
00
00
00
00
00
1F
00
00
00
00
00
00
00
00
00
00
00
00
00
00
00
00
00
00
00
00
00
00
00
00
00
00
00
00
00
00
00
00
00
00
00
00
00
00
00
00
00
00
4F
00
10
34
38
4E
3C
00
00
00
00
00
00
00
90
7B
20
25
42
8C
BA
41
00
00
00
00
00
00
01
1D
08
04
00
27
9A
46
00
00
00
00
00
6A
AA
06
16
13
00
06
1A
00
00
00
00
00
2B
E2
5A
1D
25
03
00
00
00
00
00
00
00
00
FC
DA
3A
45
87
F6
7E
00
00
00
00
00
00
00
4C
00
00
00
00
E1
FF
0D
00
00
00
00
00
09
10
0E
04
00
00
00
E9
75
00
00
00
00
00
12
01
00
14
00
00
64
CF
33
00
00
00
00
00
00
3A
34
00
00
85
AF
5F
00
00
00
00
00
00
00
00
03
2A
5C
82
17
00
00
00
00
00
00
00
00
0D
1B
2E
1D
00
00
00
00
00
00
00
00
00
00
00
00
00
00
00
00
00
00
00
00
00
00
00
00
00
00
00
00
00
00
00
00
00
00
00
00
00
00
00
1B
02
02
1D
0D
00
00
00
00
00
00
00
00
3A
E3
35
00
0E
00
00
00
00
00
00
00
00
26
F3
FF
00
00
00
00
00
00
00
00
00
00
08
D6
FF
00
14
37
19
34
51
49
11
00
00
00
62
FF
71
00
00
00
00
00
00
00
00
00
00
00
FF
FF
00
00
00
00
00
00
00
00
00
00
00
00
FF
FE
00
00
00
00
27
0D
00
00
00
00
00
00
9C
7D
2C
2B
2E
63
FF
DB
00
00
00
00
00
00
0E
18
0B
2D
55
90
9C
00
00
00
00
00
00
00
00
86
9E
25
25
0F
00
00
00
00
00
00
00
00
00
B6
CC
08
00
00
00
00
00
00
00
00
00
00
00
61
6C
2E
05
02
00
00
00
00
00
00
00
00
00
00
00
00
00
00
00
00
00
00
00
00
00
00
00
00
00
00
00
00
00
00
00
00
00
00
00
00
00
00
00
1E
00
01
00
00
00
00
00
00
00
00
00
00
0D
00
00
00
00
00
00
00
00
00
00
00
00
1A
15
00
00
66
C0
F7
FF
FF
93
27
00
00
09
18
00
E6
FF
FF
FF
FF
FF
ED
70
27
00
00
14
00
B7
A8
64
0B
00
00
00
00
00
00
00
00
0E
00
36
00
00
00
00
00
00
00
00
00
00
00
00
0C
60
5E
79
81
1F
00
00
00
00
00
00
00
8C
F1
FF
FF
FF
FF
FF
00
7F
00
00
00
00
00
2A
22
1F
07
15
00
00
B1
6D
3A
00
00
00
00
00
16
00
00
00
97
F5
CE
75
18
00
00
00
00
00
00
1E
C7
FF
F6
B4
63
08
00
00
00
00
00
00
60
EF
FF
FF
76
24
00
00
00
00
00
00
00
00
00
00
00
00
00
00
00
00
00
00
00
00
00
00
00
00
00
00
00
00
00
00
00
00
00
