0
0
230
201
234
0
0
0
0
0
188
255
144
255
0
0
0
0
0
0
54
89
0
0
0
0
0
0
0
0
255
130
0
0
0
2
0
0
0
0
0
0
0
36
0
2
0
0
0
0
255
255
47
0
12
255
0
32
0
0
235
0
0
255
47
13
1
150
16
149
134
0
0
7
50
0
0
255
255
255
0
38
239
0
23
0
255
255
255
133
0
94
129
243
147
0
255
255
107
4
0
0
0
0
0
0
0
0
0
70
255
0
0
0
0
0
0
0
0
0
255
5
0
0
0
249
45
0
0
0
255
0
0
0
0
0
0
0
0
0
0
0
0
0
0
95
0
0
0
0
81
0
117
255
255
49
107
255
255
0
255
255
255
0
0
255
255
0
0
57
173
255
255
255
255
15
116
255
216
198
0
0
0
45
255
255
213
255
255
0
111
0
0
21
56
249
209
71
32
0
0
0
0
39
2
0
0
0
0
0
0
33
0
0
178
0
0
0
0
93
160
0
0
0
0
175
20
255
0
0
0
255
0
0
0
247
143
0
0
255
11
32
0
0
108
0
80
0
0
0
70
0
137
12
0
0
0
0
0
0
0
167
0
0
167
103
0
0
255
255
107
0
0
230
0
0
0
0
0
79
0
0
0
118
0
0
0
0
255
52
0
0
0
0
120
0
0
0
37
63
0
0
0
0
0
0
0
0
237
255
24
0
0
0
0
189
0
0
0
0
0
0
0
0
37
0
255
179
53
0
99
255
0
0
0
174
0
0
0
0
92
0
255
255
0
143
255
255
0
0
0
183
255
255
255
0
0
0
0
0
255
255
255
57
0
0
0
0
0
0
171
255
255
0
0
0
0
0
0
0
0
0
255
255
255
0
0
0
255
255
0
27
0
0
0
0
0
0
0
0
