0
0
0
0
0
9
51
57
47
107
141
141
109
34
0
0
0
0
30
215
255
255
255
255
255
255
239
65
0
0
0
17
147
242
255
172
123
0
0
0
0
0
0
0
3
91
195
137
0
0
0
0
2
0
0
13
0
0
54
156
146
0
59
66
62
31
1
0
0
0
0
0
95
182
146
255
255
255
255
255
160
21
0
0
0
0
102
78
118
189
81
30
109
168
176
87
0
0
0
0
1
0
0
0
0
0
59
56
84
28
0
0
0
0
1
0
4
34
167
255
255
167
0
0
0
0
0
0
0
73
238
255
255
255
90
0
6
8
0
0
0
0
0
83
159
148
0
0
0
8
3
0
0
0
0
0
0
1
0
0
0
3
7
0
0
0
0
0
0
0
0
0
0
0
0
0
0
0
0
0
0
0
0
0
0
0
0
0
0
0
0
0
0
0
0
0
0
0
0
0
0
0
12
23
0
0
3
27
40
15
0
0
0
0
0
0
71
81
121
106
67
106
91
16
0
0
0
0
0
238
142
81
71
31
70
67
28
27
0
0
0
0
185
209
66
74
61
67
71
75
61
23
0
0
0
117
153
11
44
6
16
19
0
0
0
0
0
0
0
112
50
139
98
65
52
57
56
9
0
0
0
0
97
113
122
120
23
41
43
16
41
23
0
0
0
0
88
66
73
67
78
78
77
230
107
0
0
0
0
0
2
10
18
3
0
115
216
233
30
36
0
0
0
0
0
0
26
132
170
218
120
65
53
14
0
0
0
0
0
77
107
107
37
57
66
61
5
0
0
0
0
0
0
45
51
55
73
65
21
0
0
0
0
0
0
0
0
0
0
0
0
0
0
0
0
0
0
0
0
0
0
0
0
0
0
0
0
0
0
0
0
0
0
0
0
0
0
31
0
0
0
0
0
0
0
0
0
0
0
0
0
81
31
0
0
0
29
48
0
0
0
0
0
0
49
43
179
255
255
239
255
255
255
55
0
0
0
51
53
0
122
107
49
0
0
0
0
0
0
0
0
77
2
86
77
0
0
0
0
0
0
0
0
0
63
86
0
0
0
0
0
0
0
0
0
0
0
0
56
214
255
255
255
255
255
255
24
0
0
0
0
0
0
93
148
86
7
0
0
202
65
35
0
0
0
0
0
0
0
4
5
5
0
67
144
73
0
0
0
0
0
42
83
0
0
62
128
123
71
0
0
0
0
0
0
8
220
255
205
203
108
11
0
0
0
0
0
0
0
0
0
31
0
0
0
0
0
0
0
0
0
0
0
0
0
0
0
0
0
0
0
0
0
0
0
0
0
0
0
0
0
0
0
0
0
0
0
0
0
0
0
0
0
0
79
0
16
52
56
78
60
0
0
0
0
0
0
0
144
123
32
37
66
140
186
65
0
0
0
0
0
0
1
29
8
4
0
39
154
70
0
0
0
0
0
106
170
6
22
19
0
6
26
0
0
0
0
0
43
226
90
29
37
3
0
0
0
0
0
0
0
0
252
218
58
69
135
246
126
0
0
0
0
0
0
0
76
0
0
0
0
225
255
13
0
0
0
0
0
9
16
14
4
0
0
0
233
117
0
0
0
0
0
18
1
0
20
0
0
100
207
51
0
0
0
0
0
0
58
52
0
0
133
175
95
0
0
0
0
0
0
0
0
3
42
92
130
23
0
0
0
0
0
0
0
0
13
27
46
29
0
0
0
0
0
0
0
0
0
0
0
0
0
0
0
0
0
0
0
0
0
0
0
0
0
0
0
0
0
0
0
0
0
0
0
0
0
0
0
27
2
2
29
13
0
0
0
0
0
0
0
0
58
227
53
0
14
0
0
0
0
0
0
0
0
38
243
255
0
0
0
0
0
0
0
0
0
0
8
214
255
0
20
55
25
52
81
73
17
0
0
0
98
255
113
0
0
0
0
0
0
0
0
0
0
0
255
255
0
0
0
0
0
0
0
0
0
0
0
0
255
254
0
0
0
0
39
13
0
0
0
0
0
0
156
125
44
43
46
99
255
219
0
0
0
0
0
0
14
24
11
45
85
144
156
0
0
0
0
0
0
0
0
134
158
37
37
15
0
0
0
0
0
0
0
0
0
182
204
8
0
0
0
0
0
0
0
0
0
0
0
97
108
46
5
2
0
0
0
0
0
0
0
0
0
0
0
0
0
0
0
0
0
0
0
0
0
0
0
0
0
0
0
0
0
0
0
0
0
0
0
0
0
0
0
30
0
1
0
0
0
0
0
0
0
0
0
0
13
0
0
0
0
0
0
0
0
0
0
0
0
26
21
0
0
102
192
247
255
255
147
39
0
0
9
24
0
230
255
255
255
255
255
237
112
39
0
0
20
0
183
168
100
11
0
0
0
0
0
0
0
0
14
0
54
0
0
0
0
0
0
0
0
0
0
0
0
12
96
94
121
129
31
0
0
0
0
0
0
0
140
241
255
255
255
255
255
0
127
0
0
0
0
0
42
34
31
7
21
0
0
177
109
58
0
0
0
0
0
22
0
0
0
151
245
206
117
24
0
0
0
0
0
0
30
199
255
246
180
99
8
0
0
0
0
0
0
96
239
255
255
118
36
0
0
0
0
0
0
0
0
0
0
0
0
0
0
0
0
0
0
0
0
0
0
0
0
0
0
0
0
0
0
0
0
0
