0
0
0
0
0
230
175
201
234
161
0
0
0
0
0
0
0
0
0
0
0
0
0
0
0
0
0
0
0
0
0
0
0
0
0
0
0
0
0
0
0
188
255
207
0
144
255
46
0
0
0
0
0
0
0
0
0
0
0
0
0
0
0
0
0
0
0
0
0
0
0
0
0
0
0
0
0
0
0
0
0
54
89
36
0
0
0
0
0
0
0
0
0
0
0
0
0
0
0
0
0
0
0
0
0
0
0
0
0
0
0
0
0
0
0
0
0
0
0
0
0
0
92
0
0
0
0
0
0
0
25
255
130
0
0
0
0
0
0
0
2
0
0
0
0
0
0
0
0
0
0
0
0
0
0
0
0
0
0
0
0
0
0
0
0
0
0
36
0
0
0
0
0
0
0
0
0
0
0
0
0
0
0
0
0
0
0
0
0
0
0
2
0
0
0
0
0
0
0
0
0
0
255
0
0
0
0
0
12
0
0
255
137
0
0
47
0
0
0
0
47
255
0
0
32
0
0
0
0
0
255
0
0
0
0
0
0
0
0
0
235
0
0
0
0
0
0
0
0
0
0
0
0
0
0
0
255
0
0
47
0
0
0
0
21
150
16
0
0
149
0
13
1
0
0
0
0
0
0
96
0
134
0
0
0
0
0
0
13
49
23
9
0
0
0
0
0
7
50
32
0
0
0
0
0
0
0
0
0
0
0
0
0
0
0
255
255
255
255
255
0
0
0
0
239
176
0
0
0
0
0
0
0
38
31
0
0
0
0
23
0
0
0
0
0
0
0
0
0
20
0
0
65
255
255
255
255
255
133
0
0
0
67
94
67
129
243
91
79
147
0
0
0
0
0
0
0
0
25
92
0
0
0
0
0
0
92
107
4
0
0
0
148
255
255
241
13
0
0
0
0
0
0
0
0
0
0
0
0
0
0
0
0
0
0
0
0
0
0
0
0
0
0
0
0
0
0
0
38
70
0
0
0
0
0
0
0
0
0
18
255
0
0
0
0
0
0
0
0
0
255
0
0
0
0
0
0
0
0
0
0
0
0
0
0
0
0
0
0
0
0
0
0
0
0
0
0
0
0
0
255
155
0
0
0
0
0
0
0
0
255
255
5
0
0
0
0
0
0
0
3
185
45
0
0
0
0
0
0
0
136
249
0
0
0
0
0
0
0
0
255
11
0
0
0
0
0
0
0
0
236
0
0
0
0
0
0
0
0
0
0
0
0
0
0
0
0
0
0
0
0
0
0
0
0
0
0
0
0
0
0
0
0
0
0
0
0
0
0
0
0
0
0
0
0
0
0
0
0
0
92
0
0
0
0
0
0
0
0
0
95
0
0
0
0
0
0
0
0
0
81
0
0
0
0
0
0
0
0
0
0
0
0
0
0
117
255
255
255
255
49
0
0
107
255
255
255
108
0
0
0
0
0
0
0
0
0
0
0
0
0
0
0
0
0
0
0
0
0
0
255
255
255
255
255
255
0
0
0
0
255
255
255
255
0
0
0
0
0
0
84
88
0
0
0
0
0
0
57
35
0
0
0
0
0
170
255
255
255
67
40
173
255
255
255
255
255
242
36
0
0
15
59
116
0
0
1
137
149
0
0
0
0
0
34
255
216
117
190
198
0
0
0
0
0
0
0
45
160
181
0
0
0
0
0
0
0
0
0
255
255
251
0
0
17
41
0
0
0
0
20
202
213
85
82
255
255
215
0
0
0
0
0
0
0
0
0
21
0
0
111
0
0
0
0
0
0
0
56
27
179
249
96
0
0
0
0
0
0
0
0
45
186
209
71
38
32
0
0
0
0
0
0
0
0
0
0
39
2
0
0
0
0
0
0
0
0
0
0
0
0
0
0
0
0
0
0
0
0
0
0
0
0
0
0
0
0
0
0
0
0
0
33
0
0
0
0
0
0
0
0
0
0
0
0
0
0
0
0
178
0
0
0
0
0
0
0
0
43
93
0
0
0
0
0
0
0
0
0
0
160
48
0
0
0
0
0
0
0
0
78
0
0
0
0
0
0
0
0
0
67
175
0
20
255
0
0
0
0
0
106
0
0
0
0
0
0
0
0
0
0
0
0
0
0
0
0
0
0
0
0
0
255
2
0
0
0
0
0
0
0
247
143
0
0
0
0
0
40
149
0
0
0
0
0
0
0
0
255
66
0
0
0
0
0
0
0
0
108
0
0
11
32
19
0
0
0
0
0
0
0
0
80
0
0
0
0
0
0
0
0
0
0
0
0
0
0
0
0
0
56
8
0
0
0
0
0
12
0
0
70
0
0
0
137
0
0
0
0
0
0
0
0
0
0
0
0
0
0
0
0
0
0
0
0
0
0
0
0
0
0
0
167
0
0
0
0
0
0
0
0
0
0
0
0
0
0
0
0
167
0
0
0
0
0
0
0
0
255
255
103
0
0
0
0
0
0
255
255
14
107
0
0
0
0
0
230
218
0
0
0
0
0
0
0
0
0
0
0
0
0
0
0
0
0
0
0
0
0
79
0
0
0
0
0
0
0
0
0
0
0
0
0
0
0
0
0
0
0
0
0
0
0
0
0
0
118
0
0
0
0
0
0
0
0
0
148
255
0
0
0
0
0
0
0
0
0
255
52
0
0
0
0
0
0
0
0
0
86
74
0
0
0
0
0
0
0
0
120
34
0
0
0
0
0
0
0
0
53
63
0
0
0
0
0
0
9
37
51
40
0
0
0
0
0
0
0
0
0
0
0
0
0
0
0
0
0
0
0
0
0
0
0
0
0
0
0
237
255
255
0
0
0
0
0
0
0
0
0
0
0
0
0
0
0
0
0
0
0
0
0
24
0
0
0
0
0
0
0
0
77
189
0
0
0
0
0
0
0
0
0
0
0
0
0
0
0
0
0
0
0
0
0
0
0
0
0
0
0
0
0
0
0
0
0
0
0
0
5
37
0
0
0
0
118
168
53
0
0
0
0
0
0
255
179
0
0
0
0
0
0
0
255
0
0
0
0
0
0
0
0
99
0
0
0
0
0
0
0
0
0
0
0
0
0
0
0
0
0
0
174
133
0
0
0
0
0
0
0
0
92
0
0
0
0
0
171
255
0
0
0
0
0
0
0
255
255
0
0
0
0
0
50
255
255
17
0
0
0
0
0
143
223
0
0
0
0
0
0
0
0
0
0
0
0
201
255
255
255
255
0
0
157
183
255
255
255
225
84
0
0
0
0
0
0
0
0
0
0
0
0
0
0
0
0
0
0
0
0
0
0
0
0
255
180
90
57
22
0
0
177
255
255
255
255
187
0
0
0
0
0
0
0
0
0
0
0
0
0
0
0
0
0
0
0
0
0
0
0
0
0
0
208
255
255
185
0
0
0
0
83
171
218
115
0
0
0
0
0
0
0
0
0
0
0
0
0
0
0
0
0
0
0
0
0
0
0
0
0
0
0
0
0
0
0
0
63
173
4
0
0
0
0
0
188
255
255
255
255
144
0
0
0
0
0
0
0
255
255
255
0
0
0
0
0
0
0
0
0
0
0
0
0
0
0
0
0
0
0
0
0
0
0
27
0
0
0
0
0
0
0
0
0
0
0
0
0
0
0
0
0
0
0
0
0
0
0
0
0
0
