00
00
E6
C9
EA
00
00
00
00
00
BC
FF
90
FF
00
00
00
00
00
00
36
59
00
00
00
00
00
00
00
00
FF
82
00
00
00
02
00
00
00
00
00
00
00
24
00
02
00
00
00
00
FF
FF
2F
00
0C
FF
00
20
00
00
EB
00
00
FF
2F
0D
01
96
10
95
86
00
00
07
32
00
00
FF
FF
FF
00
26
EF
00
17
00
FF
FF
FF
85
00
5E
81
F3
93
00
FF
FF
6B
04
00
00
00
00
00
00
00
00
00
46
FF
00
00
00
00
00
00
00
00
00
FF
05
00
00
00
F9
2D
00
00
00
FF
00
00
00
00
00
00
00
00
00
00
00
00
00
00
5F
00
00
00
00
51
00
75
FF
FF
31
6B
FF
FF
00
FF
FF
FF
00
00
FF
FF
00
00
39
AD
FF
FF
FF
FF
0F
74
FF
D8
C6
00
00
00
2D
FF
FF
D5
FF
FF
00
6F
00
00
15
38
F9
D1
47
20
00
00
00
00
27
02
00
00
00
00
00
00
21
00
00
B2
00
00
00
00
5D
A0
00
00
00
00
AF
14
FF
00
00
00
FF
00
00
00
F7
8F
00
00
FF
0B
20
00
00
6C
00
50
00
00
00
46
00
89
0C
00
00
00
00
00
00
00
A7
00
00
A7
67
00
00
FF
FF
6B
00
00
E6
00
00
00
00
00
4F
00
00
00
76
00
00
00
00
FF
34
00
00
00
00
78
00
00
00
25
3F
00
00
00
00
00
00
00
00
ED
FF
18
00
00
00
00
BD
00
00
00
00
00
00
00
00
25
00
FF
B3
35
00
63
FF
00
00
00
AE
00
00
00
00
5C
00
FF
FF
00
8F
FF
FF
00
00
00
B7
FF
FF
FF
00
00
00
00
00
FF
FF
FF
39
00
00
00
00
00
00
AB
FF
FF
00
00
00
00
00
00
00
00
00
FF
FF
FF
00
00
00
FF
FF
00
1B
00
00
00
00
00
00
00
00
