00
00
00
00
6B
FF
25
00
00
00
00
00
00
00
00
00
00
00
00
00
00
00
00
00
00
00
00
00
00
00
00
00
00
00
00
00
00
00
00
00
00
00
00
00
00
D8
56
00
00
00
00
00
00
00
00
00
00
00
00
00
00
00
00
00
00
00
00
00
00
00
76
4F
61
00
00
00
00
00
00
00
31
F1
FF
34
00
00
07
0A
00
00
00
00
00
00
00
00
00
00
00
00
00
00
00
00
00
00
00
00
00
00
00
00
00
00
00
00
00
00
00
00
00
00
00
00
00
37
00
00
00
00
00
00
00
00
00
1E
00
00
00
00
00
00
00
00
00
00
00
00
00
00
00
00
00
00
00
00
00
00
00
00
00
00
00
00
00
00
1F
00
00
00
00
59
95
8A
3C
91
68
00
00
00
00
00
00
00
00
00
00
00
00
00
00
00
00
00
00
00
00
00
00
00
9F
7B
00
00
00
74
00
00
00
33
FF
00
00
00
06
FF
00
00
86
33
0B
00
00
05
63
23
00
00
6F
2F
00
00
39
00
00
00
00
00
00
37
00
00
7D
00
00
B9
00
00
00
44
00
35
00
00
00
FF
00
00
3B
3B
1D
00
00
00
00
FF
00
00
EF
2B
88
00
00
00
97
D7
00
00
F6
21
1C
00
00
00
5A
00
00
00
6A
1D
00
00
00
0B
0E
00
00
1B
3E
27
00
00
00
00
FF
FF
9C
33
5C
3D
00
00
00
AA
FF
FF
B0
43
13
0F
00
00
00
00
00
4C
33
57
CC
41
00
00
00
00
00
00
00
15
95
5C
00
00
00
00
00
56
1A
05
37
3D
00
00
5A
54
FF
FF
82
20
2D
4A
2F
17
00
00
00
63
00
00
51
54
00
00
00
00
00
00
00
00
4D
15
00
00
00
00
00
00
00
00
11
00
6C
FF
FF
FF
FF
FF
FF
92
17
10
00
00
00
00
00
00
00
00
53
73
FF
00
00
00
00
00
00
00
3D
5C
FF
00
00
00
00
00
00
00
19
56
F0
6F
00
00
00
00
00
00
2C
5C
D6
FF
FF
01
00
00
00
00
13
73
00
1B
00
00
00
00
00
00
18
7C
00
00
00
00
00
00
00
00
26
66
00
00
00
00
00
00
00
00
15
47
D3
00
00
00
00
00
00
00
00
19
FF
2C
00
00
00
00
00
00
00
00
FF
00
00
00
00
00
00
00
4A
D8
C2
00
00
00
00
00
00
00
00
CD
00
00
00
00
00
00
00
00
00
B4
00
00
00
00
00
00
00
00
00
A6
00
00
00
00
00
00
00
00
00
CA
05
2A
00
00
00
00
00
00
00
CB
00
00
00
00
00
00
00
00
00
93
00
00
00
00
00
00
00
00
00
33
00
00
00
00
00
00
00
00
00
00
00
00
00
00
00
00
00
00
00
00
00
00
00
00
00
00
00
00
00
00
00
48
FF
FF
76
00
00
00
00
00
5C
FF
FF
FF
00
00
00
00
00
00
66
35
00
00
00
00
00
00
00
00
52
21
00
00
00
00
00
00
00
00
C2
F8
FF
FF
FF
40
00
00
00
00
97
A2
30
8E
33
00
00
00
00
00
00
00
00
00
00
00
00
00
00
00
00
00
00
00
00
23
FF
A1
00
08
FF
FF
FF
FF
FF
FF
FF
FF
4E
0F
38
00
00
61
FF
FF
00
00
37
81
8D
58
00
00
47
FF
97
00
00
44
3E
DF
00
00
00
00
00
00
B4
29
00
81
FF
00
00
00
00
00
CF
47
16
62
FF
FF
DC
B1
00
00
00
58
00
00
00
96
E1
FF
EF
00
00
47
00
00
00
00
00
01
77
00
00
4B
24
00
00
00
00
00
00
00
00
06
FF
FF
31
00
10
00
00
00
00
00
00
5F
A6
4A
51
6B
57
00
00
00
4A
00
16
8D
18
00
00
7C
4D
00
30
00
00
00
00
00
00
B2
B8
00
00
00
00
00
00
00
00
FF
9E
00
00
67
00
00
00
00
00
FF
BE
00
07
AD
00
00
00
00
00
C6
C0
00
00
00
00
00
00
00
00
31
B2
13
00
00
00
00
00
00
00
12
FD
17
00
00
00
00
00
00
00
7E
A0
21
2E
00
0C
35
00
00
00
03
5C
02
00
00
00
00
00
00
00
00
00
00
00
00
6D
00
00
00
62
50
66
94
00
00
B2
00
00
00
C0
B4
59
91
00
00
8A
00
00
00
F6
97
3B
9D
00
00
10
5B
00
00
85
29
5A
94
32
00
00
00
00
00
00
1B
39
B2
3F
00
00
00
00
00
00
D6
47
C3
26
00
00
84
00
00
94
FF
60
CD
87
FF
91
FF
00
00
69
A5
09
8F
00
33
00
00
00
00
00
00
00
3A
00
00
00
00
00
00
00
00
00
00
00
00
00
00
00
00
00
00
00
29
00
00
27
00
00
00
00
00
95
00
00
24
B4
00
00
00
00
26
13
00
00
FF
00
00
00
00
33
00
00
00
0D
9D
00
00
00
00
00
00
00
00
00
00
00
00
00
00
00
00
00
21
00
00
00
00
00
00
00
23
B3
04
00
00
00
00
00
00
00
FF
A7
00
00
00
47
25
00
00
FF
FF
11
00
00
00
00
00
00
00
88
05
00
00
00
21
00
00
00
FF
FF
00
00
5F
00
10
00
00
00
41
FF
00
00
75
00
00
93
00
00
00
6E
00
00
6D
00
00
00
00
00
9F
FF
00
00
89
00
00
00
00
00
FF
FF
00
00
7D
00
00
00
00
00
04
FF
00
00
92
8A
00
00
00
00
00
89
00
00
90
00
00
00
00
00
00
18
08
00
45
00
00
00
00
00
00
6F
59
00
25
00
00
00
00
00
00
48
69
3B
16
00
00
00
00
00
00
00
00
00
00
00
09
FF
00
00
00
85
2F
00
00
00
00
00
00
00
00
00
00
00
00
00
00
00
00
00
00
00
00
00
00
00
00
00
00
00
00
00
00
00
00
8B
CD
FF
23
00
00
4B
77
00
00
00
00
00
00
00
00
00
1B
00
00
00
00
00
00
00
00
00
00
00
00
00
00
00
00
00
00
00
00
00
00
02
00
00
00
00
00
00
00
00
00
00
53
FF
3E
00
00
00
00
00
00
17
FF
00
00
00
00
00
00
00
00
18
00
00
00
00
00
8C
00
00
00
00
00
00
00
D0
BD
00
00
00
00
00
00
00
DF
96
00
00
00
00
00
00
00
04
00
00
00
00
00
00
00
00
00
00
00
00
00
00
00
00
00
00
00
00
00
00
AC
A9
00
00
00
00
53
00
00
00
00
00
00
00
00
6E
00
00
00
00
00
00
00
00
00
00
83
FA
FF
FF
C5
C7
00
00
00
00
00
00
00
00
00
00
00
00
00
00
00
00
00
00
00
00
00
00
00
00
00
00
00
00
00
00
00
00
00
00
00
DE
FF
FF
C6
B6
44
00
00
00
12
00
00
00
00
00
00
00
00
00
00
00
00
00
00
00
00
00
00
00
00
00
00
00
00
00
00
00
00
D7
FF
FF
FF
FF
FF
E5
AC
1C
00
2D
6A
6E
3F
00
00
00
00
00
00
00
00
00
00
00
00
02
00
2C
34
00
00
00
00
00
00
00
00
00
47
00
00
00
00
77
4D
00
00
00
11
00
00
00
00
00
00
C9
54
00
14
00
00
00
00
00
00
00
00
00
3A
52
D6
22
00
00
00
00
00
00
09
CD
FF
E2
3C
00
00
00
00
00
00
00
04
48
A1
FF
8A
00
00
00
0D
00
00
00
00
00
00
00
00
00
00
00
00
00
00
00
00
00
00
00
00
