00
00
00
1B
A4
FF
FF
FF
DF
33
00
00
00
00
00
00
13
8A
FF
FF
FF
ED
C4
62
00
00
00
00
00
00
23
6C
49
00
00
00
36
50
00
00
00
00
00
00
15
2D
00
00
0D
3F
01
43
00
00
00
00
00
00
01
00
00
83
FF
FF
6D
03
00
00
00
00
00
00
00
00
47
F6
FF
FF
00
5B
00
00
00
00
00
00
00
00
18
00
00
00
00
3F
00
00
00
00
00
00
00
00
01
00
04
1C
00
3C
00
00
00
00
00
02
16
5B
85
8B
A7
D8
6F
2F
00
00
00
00
00
0F
7F
FF
FF
FF
FF
FF
80
00
00
00
00
00
00
00
03
00
00
00
00
00
00
08
00
00
00
00
00
01
00
00
00
00
00
00
00
07
00
00
00
00
00
00
00
00
00
00
00
00
00
00
00
00
00
00
00
00
00
00
00
00
00
00
00
00
00
00
00
00
00
00
00
00
00
2E
38
68
4C
12
00
00
00
00
00
00
00
1C
C0
8F
4C
1F
0F
12
00
00
00
00
00
00
00
7B
80
44
55
74
41
2E
00
00
00
00
00
00
09
5E
19
1F
0A
4E
66
45
00
00
00
00
00
00
06
38
04
0F
23
CF
9F
25
00
00
00
00
00
00
00
05
00
79
A1
8E
29
4A
00
00
00
00
00
00
00
00
2E
71
19
73
77
47
00
00
00
00
00
00
00
00
03
16
42
3B
63
4A
00
00
00
00
00
00
00
00
04
00
00
47
A8
46
00
00
00
00
00
00
1D
59
36
46
4E
BB
CA
18
00
00
00
00
00
06
60
3E
44
3C
46
43
3B
33
00
00
00
00
00
00
08
2C
46
46
43
3D
2F
0D
00
00
00
00
00
00
00
00
00
00
00
00
00
00
00
00
00
00
00
00
00
00
00
00
00
00
00
00
00
00
00
00
00
00
00
09
13
00
00
00
00
00
00
00
00
00
00
00
00
53
1E
B1
FF
FF
E7
00
00
00
00
00
00
00
00
9C
33
B8
96
FF
FF
00
00
00
00
00
00
00
00
88
B3
26
00
18
A7
00
00
00
00
00
00
00
00
00
59
46
00
00
00
33
00
00
00
00
00
00
00
00
00
AC
78
FF
FF
00
00
00
00
00
00
00
00
00
01
C0
E7
EC
FF
00
00
00
00
00
00
00
00
00
00
00
00
00
A5
00
00
00
00
00
00
00
13
00
00
00
00
00
7B
00
00
00
00
00
00
00
56
A0
0E
0A
2F
4E
3D
5B
00
00
00
00
00
00
25
FF
FF
FF
FF
FF
FA
6B
00
00
00
00
00
00
00
00
00
00
00
00
00
00
00
00
00
00
00
00
00
00
00
00
00
00
00
00
00
00
00
00
00
00
00
00
00
00
00
00
00
00
00
00
00
00
00
00
00
00
0E
34
3A
A7
B0
00
00
00
00
00
00
00
00
00
00
00
00
7D
FF
61
00
00
00
00
00
00
00
00
DD
76
02
00
FF
F8
00
00
00
00
00
00
00
00
FF
84
00
00
C9
D0
00
00
00
00
00
00
00
00
4F
1C
2B
00
FF
AC
00
00
00
00
00
00
00
00
01
00
00
00
FF
D5
00
00
00
00
00
00
00
00
00
00
3A
00
E4
FF
00
00
00
00
00
00
00
00
00
0C
27
00
89
FF
00
00
00
00
00
00
00
4D
2F
26
45
20
8F
FF
00
00
00
00
00
00
00
52
47
48
29
0F
C8
D9
00
00
00
00
00
00
00
00
00
00
00
00
C3
66
00
00
00
00
00
00
00
06
00
01
00
0B
0D
00
00
00
00
00
00
00
00
00
00
00
00
00
00
00
00
00
00
00
00
00
00
00
00
00
00
00
00
00
00
00
00
00
00
00
00
40
6C
2A
00
00
00
00
00
00
00
00
00
00
1F
FD
B4
00
00
15
00
00
00
00
00
00
00
00
60
FF
00
1E
73
FF
00
00
00
00
00
00
00
00
67
FF
00
00
22
FF
49
00
00
00
00
00
00
00
2F
78
23
73
58
E6
00
00
00
00
00
00
00
00
02
0A
AD
FF
4C
27
00
00
00
00
00
00
00
00
00
00
B0
E3
00
FF
57
00
00
00
00
00
00
00
00
00
38
4B
29
FF
A2
00
00
00
00
00
00
06
2C
22
00
00
02
FF
9D
00
00
00
00
00
00
19
DA
91
00
00
00
3E
00
00
00
00
00
00
00
1E
B0
61
00
00
0A
00
00
00
00
00
00
00
00
08
42
67
53
4C
40
34
06
00
00
00
00
00
00
00
00
00
00
00
00
00
00
00
00
00
00
00
00
00
00
00
00
00
00
00
00
00
00
00
00
00
00
00
00
18
0D
00
00
00
00
00
00
00
00
00
00
00
0A
00
00
00
00
00
00
00
00
00
00
00
00
00
00
00
D0
FF
FF
55
00
00
00
00
00
00
00
00
00
58
6D
44
27
00
1F
4A
00
00
00
00
00
00
19
76
61
49
00
00
4C
3C
00
00
00
00
00
00
05
18
11
00
00
1A
00
1E
00
00
00
00
00
00
00
00
0A
F3
FF
C3
00
2F
00
00
00
00
00
00
00
00
53
A4
94
45
00
38
00
00
00
00
00
06
18
00
00
00
02
00
00
3C
00
00
00
00
00
03
00
00
00
00
00
00
75
3E
00
00
00
00
00
00
6F
D8
FF
FF
FF
FF
C2
55
00
00
00
00
00
12
96
E1
FF
FF
E7
B3
53
16
00
00
00
00
00
00
00
00
00
00
00
00
00
00
00
00
00
00
00
00
00
00
00
00
00
00
00
00
00
00
00
00
