0
0
0
27
164
255
255
255
223
51
0
0
0
0
0
0
19
138
255
255
255
237
196
98
0
0
0
0
0
0
35
108
73
0
0
0
54
80
0
0
0
0
0
0
21
45
0
0
13
63
1
67
0
0
0
0
0
0
1
0
0
131
255
255
109
3
0
0
0
0
0
0
0
0
71
246
255
255
0
91
0
0
0
0
0
0
0
0
24
0
0
0
0
63
0
0
0
0
0
0
0
0
1
0
4
28
0
60
0
0
0
0
0
2
22
91
133
139
167
216
111
47
0
0
0
0
0
15
127
255
255
255
255
255
128
0
0
0
0
0
0
0
3
0
0
0
0
0
0
8
0
0
0
0
0
1
0
0
0
0
0
0
0
7
0
0
0
0
0
0
0
0
0
0
0
0
0
0
0
0
0
0
0
0
0
0
0
0
0
0
0
0
0
0
0
0
0
0
0
0
0
46
56
104
76
18
0
0
0
0
0
0
0
28
192
143
76
31
15
18
0
0
0
0
0
0
0
123
128
68
85
116
65
46
0
0
0
0
0
0
9
94
25
31
10
78
102
69
0
0
0
0
0
0
6
56
4
15
35
207
159
37
0
0
0
0
0
0
0
5
0
121
161
142
41
74
0
0
0
0
0
0
0
0
46
113
25
115
119
71
0
0
0
0
0
0
0
0
3
22
66
59
99
74
0
0
0
0
0
0
0
0
4
0
0
71
168
70
0
0
0
0
0
0
29
89
54
70
78
187
202
24
0
0
0
0
0
6
96
62
68
60
70
67
59
51
0
0
0
0
0
0
8
44
70
70
67
61
47
13
0
0
0
0
0
0
0
0
0
0
0
0
0
0
0
0
0
0
0
0
0
0
0
0
0
0
0
0
0
0
0
0
0
0
0
9
19
0
0
0
0
0
0
0
0
0
0
0
0
83
30
177
255
255
231
0
0
0
0
0
0
0
0
156
51
184
150
255
255
0
0
0
0
0
0
0
0
136
179
38
0
24
167
0
0
0
0
0
0
0
0
0
89
70
0
0
0
51
0
0
0
0
0
0
0
0
0
172
120
255
255
0
0
0
0
0
0
0
0
0
1
192
231
236
255
0
0
0
0
0
0
0
0
0
0
0
0
0
165
0
0
0
0
0
0
0
19
0
0
0
0
0
123
0
0
0
0
0
0
0
86
160
14
10
47
78
61
91
0
0
0
0
0
0
37
255
255
255
255
255
250
107
0
0
0
0
0
0
0
0
0
0
0
0
0
0
0
0
0
0
0
0
0
0
0
0
0
0
0
0
0
0
0
0
0
0
0
0
0
0
0
0
0
0
0
0
0
0
0
0
0
0
14
52
58
167
176
0
0
0
0
0
0
0
0
0
0
0
0
125
255
97
0
0
0
0
0
0
0
0
221
118
2
0
255
248
0
0
0
0
0
0
0
0
255
132
0
0
201
208
0
0
0
0
0
0
0
0
79
28
43
0
255
172
0
0
0
0
0
0
0
0
1
0
0
0
255
213
0
0
0
0
0
0
0
0
0
0
58
0
228
255
0
0
0
0
0
0
0
0
0
12
39
0
137
255
0
0
0
0
0
0
0
77
47
38
69
32
143
255
0
0
0
0
0
0
0
82
71
72
41
15
200
217
0
0
0
0
0
0
0
0
0
0
0
0
195
102
0
0
0
0
0
0
0
6
0
1
0
11
13
0
0
0
0
0
0
0
0
0
0
0
0
0
0
0
0
0
0
0
0
0
0
0
0
0
0
0
0
0
0
0
0
0
0
0
0
64
108
42
0
0
0
0
0
0
0
0
0
0
31
253
180
0
0
21
0
0
0
0
0
0
0
0
96
255
0
30
115
255
0
0
0
0
0
0
0
0
103
255
0
0
34
255
73
0
0
0
0
0
0
0
47
120
35
115
88
230
0
0
0
0
0
0
0
0
2
10
173
255
76
39
0
0
0
0
0
0
0
0
0
0
176
227
0
255
87
0
0
0
0
0
0
0
0
0
56
75
41
255
162
0
0
0
0
0
0
6
44
34
0
0
2
255
157
0
0
0
0
0
0
25
218
145
0
0
0
62
0
0
0
0
0
0
0
30
176
97
0
0
10
0
0
0
0
0
0
0
0
8
66
103
83
76
64
52
6
0
0
0
0
0
0
0
0
0
0
0
0
0
0
0
0
0
0
0
0
0
0
0
0
0
0
0
0
0
0
0
0
0
0
0
0
24
13
0
0
0
0
0
0
0
0
0
0
0
10
0
0
0
0
0
0
0
0
0
0
0
0
0
0
0
208
255
255
85
0
0
0
0
0
0
0
0
0
88
109
68
39
0
31
74
0
0
0
0
0
0
25
118
97
73
0
0
76
60
0
0
0
0
0
0
5
24
17
0
0
26
0
30
0
0
0
0
0
0
0
0
10
243
255
195
0
47
0
0
0
0
0
0
0
0
83
164
148
69
0
56
0
0
0
0
0
6
24
0
0
0
2
0
0
60
0
0
0
0
0
3
0
0
0
0
0
0
117
62
0
0
0
0
0
0
111
216
255
255
255
255
194
85
0
0
0
0
0
18
150
225
255
255
231
179
83
22
0
0
0
0
0
0
0
0
0
0
0
0
0
0
0
0
0
0
0
0
0
0
0
0
0
0
0
0
0
0
0
0
