0
0
0
0
107
255
37
0
0
0
0
0
0
0
0
0
0
0
0
0
0
0
0
0
0
0
0
0
0
0
0
0
0
0
0
0
0
0
0
0
0
0
0
0
0
216
86
0
0
0
0
0
0
0
0
0
0
0
0
0
0
0
0
0
0
0
0
0
0
0
118
79
97
0
0
0
0
0
0
0
49
241
255
52
0
0
7
10
0
0
0
0
0
0
0
0
0
0
0
0
0
0
0
0
0
0
0
0
0
0
0
0
0
0
0
0
0
0
0
0
0
0
0
0
0
55
0
0
0
0
0
0
0
0
0
30
0
0
0
0
0
0
0
0
0
0
0
0
0
0
0
0
0
0
0
0
0
0
0
0
0
0
0
0
0
0
31
0
0
0
0
89
149
138
60
145
104
0
0
0
0
0
0
0
0
0
0
0
0
0
0
0
0
0
0
0
0
0
0
0
159
123
0
0
0
116
0
0
0
51
255
0
0
0
6
255
0
0
134
51
11
0
0
5
99
35
0
0
111
47
0
0
57
0
0
0
0
0
0
55
0
0
125
0
0
185
0
0
0
68
0
53
0
0
0
255
0
0
59
59
29
0
0
0
0
255
0
0
239
43
136
0
0
0
151
215
0
0
246
33
28
0
0
0
90
0
0
0
106
29
0
0
0
11
14
0
0
27
62
39
0
0
0
0
255
255
156
51
92
61
0
0
0
170
255
255
176
67
19
15
0
0
0
0
0
76
51
87
204
65
0
0
0
0
0
0
0
21
149
92
0
0
0
0
0
86
26
5
55
61
0
0
90
84
255
255
130
32
45
74
47
23
0
0
0
99
0
0
81
84
0
0
0
0
0
0
0
0
77
21
0
0
0
0
0
0
0
0
17
0
108
255
255
255
255
255
255
146
23
16
0
0
0
0
0
0
0
0
83
115
255
0
0
0
0
0
0
0
61
92
255
0
0
0
0
0
0
0
25
86
240
111
0
0
0
0
0
0
44
92
214
255
255
1
0
0
0
0
19
115
0
27
0
0
0
0
0
0
24
124
0
0
0
0
0
0
0
0
38
102
0
0
0
0
0
0
0
0
21
71
211
0
0
0
0
0
0
0
0
25
255
44
0
0
0
0
0
0
0
0
255
0
0
0
0
0
0
0
74
216
194
0
0
0
0
0
0
0
0
205
0
0
0
0
0
0
0
0
0
180
0
0
0
0
0
0
0
0
0
166
0
0
0
0
0
0
0
0
0
202
5
42
0
0
0
0
0
0
0
203
0
0
0
0
0
0
0
0
0
147
0
0
0
0
0
0
0
0
0
51
0
0
0
0
0
0
0
0
0
0
0
0
0
0
0
0
0
0
0
0
0
0
0
0
0
0
0
0
0
0
0
72
255
255
118
0
0
0
0
0
92
255
255
255
0
0
0
0
0
0
102
53
0
0
0
0
0
0
0
0
82
33
0
0
0
0
0
0
0
0
194
248
255
255
255
64
0
0
0
0
151
162
48
142
51
0
0
0
0
0
0
0
0
0
0
0
0
0
0
0
0
0
0
0
0
35
255
161
0
8
255
255
255
255
255
255
255
255
78
15
56
0
0
97
255
255
0
0
55
129
141
88
0
0
71
255
151
0
0
68
62
223
0
0
0
0
0
0
180
41
0
129
255
0
0
0
0
0
207
71
22
98
255
255
220
177
0
0
0
88
0
0
0
150
225
255
239
0
0
71
0
0
0
0
0
1
119
0
0
75
36
0
0
0
0
0
0
0
0
6
255
255
49
0
16
0
0
0
0
0
0
95
166
74
81
107
87
0
0
0
74
0
22
141
24
0
0
124
77
0
48
0
0
0
0
0
0
178
184
0
0
0
0
0
0
0
0
255
158
0
0
103
0
0
0
0
0
255
190
0
7
173
0
0
0
0
0
198
192
0
0
0
0
0
0
0
0
49
178
19
0
0
0
0
0
0
0
18
253
23
0
0
0
0
0
0
0
126
160
33
46
0
12
53
0
0
0
3
92
2
0
0
0
0
0
0
0
0
0
0
0
0
109
0
0
0
98
80
102
148
0
0
178
0
0
0
192
180
89
145
0
0
138
0
0
0
246
151
59
157
0
0
16
91
0
0
133
41
90
148
50
0
0
0
0
0
0
27
57
178
63
0
0
0
0
0
0
214
71
195
38
0
0
132
0
0
148
255
96
205
135
255
145
255
0
0
105
165
9
143
0
51
0
0
0
0
0
0
0
58
0
0
0
0
0
0
0
0
0
0
0
0
0
0
0
0
0
0
0
41
0
0
39
0
0
0
0
0
149
0
0
36
180
0
0
0
0
38
19
0
0
255
0
0
0
0
51
0
0
0
13
157
0
0
0
0
0
0
0
0
0
0
0
0
0
0
0
0
0
33
0
0
0
0
0
0
0
35
179
4
0
0
0
0
0
0
0
255
167
0
0
0
71
37
0
0
255
255
17
0
0
0
0
0
0
0
136
5
0
0
0
33
0
0
0
255
255
0
0
95
0
16
0
0
0
65
255
0
0
117
0
0
147
0
0
0
110
0
0
109
0
0
0
0
0
159
255
0
0
137
0
0
0
0
0
255
255
0
0
125
0
0
0
0
0
4
255
0
0
146
138
0
0
0
0
0
137
0
0
144
0
0
0
0
0
0
24
8
0
69
0
0
0
0
0
0
111
89
0
37
0
0
0
0
0
0
72
105
59
22
0
0
0
0
0
0
0
0
0
0
0
9
255
0
0
0
133
47
0
0
0
0
0
0
0
0
0
0
0
0
0
0
0
0
0
0
0
0
0
0
0
0
0
0
0
0
0
0
0
0
139
205
255
35
0
0
75
119
0
0
0
0
0
0
0
0
0
27
0
0
0
0
0
0
0
0
0
0
0
0
0
0
0
0
0
0
0
0
0
0
2
0
0
0
0
0
0
0
0
0
0
83
255
62
0
0
0
0
0
0
23
255
0
0
0
0
0
0
0
0
24
0
0
0
0
0
140
0
0
0
0
0
0
0
208
189
0
0
0
0
0
0
0
223
150
0
0
0
0
0
0
0
4
0
0
0
0
0
0
0
0
0
0
0
0
0
0
0
0
0
0
0
0
0
0
172
169
0
0
0
0
83
0
0
0
0
0
0
0
0
110
0
0
0
0
0
0
0
0
0
0
131
250
255
255
197
199
0
0
0
0
0
0
0
0
0
0
0
0
0
0
0
0
0
0
0
0
0
0
0
0
0
0
0
0
0
0
0
0
0
0
0
222
255
255
198
182
68
0
0
0
18
0
0
0
0
0
0
0
0
0
0
0
0
0
0
0
0
0
0
0
0
0
0
0
0
0
0
0
0
215
255
255
255
255
255
229
172
28
0
45
106
110
63
0
0
0
0
0
0
0
0
0
0
0
0
2
0
44
52
0
0
0
0
0
0
0
0
0
71
0
0
0
0
119
77
0
0
0
17
0
0
0
0
0
0
201
84
0
20
0
0
0
0
0
0
0
0
0
58
82
214
34
0
0
0
0
0
0
9
205
255
226
60
0
0
0
0
0
0
0
4
72
161
255
138
0
0
0
13
0
0
0
0
0
0
0
0
0
0
0
0
0
0
0
0
0
0
0
0
