0
0
255
37
0
0
0
0
0
0
0
0
216
86
0
118
97
0
0
0
241
255
0
10
0
0
0
0
0
0
0
0
55
0
0
0
0
0
0
0
89
149
145
104
0
0
0
0
0
0
255
0
255
0
134
11
57
99
0
111
53
125
255
0
68
136
0
255
0
246
28
11
90
27
106
0
170
255
176
92
0
0
76
87
204
0
90
255
130
74
47
0
99
0
84
255
255
255
255
23
255
0
0
0
115
255
0
0
0
92
255
255
0
0
124
0
0
0
0
102
255
0
0
0
25
255
0
0
0
216
0
0
0
0
180
42
0
0
0
203
0
0
0
0
147
0
0
0
0
0
72
255
118
0
0
255
255
0
0
0
248
255
255
0
0
162
142
51
0
0
255
255
255
255
78
141
97
255
151
129
223
255
0
0
207
98
255
255
239
88
36
0
1
119
75
255
166
107
87
0
74
141
24
178
184
103
0
0
255
190
173
0
0
198
192
0
0
0
126
253
46
53
0
3
92
0
178
0
192
148
0
138
0
246
157
63
0
0
214
195
255
255
0
255
205
51
0
0
0
58
0
39
0
0
149
255
180
0
51
19
157
0
0
0
33
0
0
0
255
179
0
71
0
255
17
33
0
255
255
117
0
147
159
255
137
0
0
255
255
146
138
0
0
137
144
0
0
0
111
59
9
255
0
133
0
0
0
0
0
0
205
255
0
119
0
0
0
0
27
0
2
0
0
0
0
255
255
0
0
0
24
0
208
140
0
0
223
150
0
0
0
0
172
169
0
110
0
0
0
0
131
255
255
199
0
0
0
0
0
0
18
255
255
182
0
0
0
0
0
0
255
255
255
229
28
0
0
0
2
71
0
0
119
201
20
214
34
0
0
58
255
226
255
0
13
0
0
0
0
0
