00
00
00
00
00
00
00
00
00
00
00
00
00
00
00
00
00
00
00
00
00
00
00
00
00
00
00
00
00
00
00
00
00
00
00
00
00
00
00
00
00
00
00
00
00
00
00
00
00
00
00
00
00
00
00
00
00
00
00
00
00
00
00
00
00
00
00
00
00
00
00
00
00
00
00
00
00
00
00
00
00
00
00
00
00
00
00
00
00
00
00
00
00
00
00
00
00
00
00
00
00
00
00
00
00
00
00
00
00
00
00
00
00
00
00
00
00
00
00
00
00
00
00
00
00
00
00
00
00
00
00
00
00
00
00
00
00
00
00
00
00
00
01
21
05
00
00
00
00
00
00
00
00
00
00
00
00
00
00
00
00
00
00
00
00
00
00
00
00
00
00
00
00
64
e1
fe
d8
85
76
3b
00
00
00
00
00
00
00
00
00
00
00
00
00
00
00
00
00
00
00
00
00
00
00
00
6e
fe
e4
ca
fe
fe
fe
fe
dc
4f
00
00
00
00
00
00
00
00
00
00
00
00
00
00
00
00
00
00
00
00
00
28
f9
af
06
02
18
3b
49
93
ed
fe
73
00
00
00
00
00
00
00
00
00
00
00
00
00
00
00
00
00
00
00
00
b7
e1
0b
00
00
00
00
00
00
12
c0
fe
62
00
00
00
00
00
00
00
00
00
00
00
00
00
00
00
00
00
00
3c
fe
56
00
00
00
00
00
00
00
00
07
b3
ec
08
00
00
00
00
00
00
00
00
00
00
00
00
00
00
00
00
00
97
d3
01
00
00
00
00
00
00
00
00
00
25
fd
69
00
00
00
00
00
00
00
00
00
00
00
00
00
00
00
00
02
ea
7e
00
00
00
00
00
00
00
00
00
00
00
ab
cb
00
00
00
00
00
00
00
00
00
00
00
00
00
00
00
00
32
fe
2c
00
00
00
00
00
00
00
00
00
00
00
63
eb
00
00
00
00
00
00
00
00
00
00
00
00
00
00
00
00
61
f2
01
00
00
00
00
00
00
00
00
00
00
00
6c
e7
00
00
00
00
00
00
00
00
00
00
00
00
00
00
00
00
a7
b9
00
00
00
00
00
00
00
00
00
00
00
00
8d
c5
00
00
00
00
00
00
00
00
00
00
00
00
00
00
00
00
d8
78
00
00
00
00
00
00
00
00
00
00
00
00
ba
9f
00
00
00
00
00
00
00
00
00
00
00
00
00
00
00
00
f2
5e
00
00
00
00
00
00
00
00
00
00
00
05
f6
60
00
00
00
00
00
00
00
00
00
00
00
00
00
00
00
00
f8
52
00
00
00
00
00
00
00
00
00
00
00
33
fe
25
00
00
00
00
00
00
00
00
00
00
00
00
00
00
00
00
f8
52
00
00
00
00
00
00
00
00
00
00
00
65
ec
01
00
00
00
00
00
00
00
00
00
00
00
00
00
00
00
00
f8
52
00
00
00
00
00
00
00
00
00
00
00
97
c2
00
00
00
00
00
00
00
00
00
00
00
00
00
00
00
00
00
f8
56
00
00
00
00
00
00
00
00
00
00
14
ef
80
00
00
00
00
00
00
00
00
00
00
00
00
00
00
00
00
00
d4
ba
00
00
00
00
00
00
00
00
00
00
a6
f2
18
00
00
00
00
00
00
00
00
00
00
00
00
00
00
00
00
00
57
fe
51
00
00
00
00
00
00
00
00
5c
fe
6e
00
00
00
00
00
00
00
00
00
00
00
00
00
00
00
00
00
00
01
c3
f7
8e
29
00
00
00
00
00
10
e0
b7
02
00
00
00
00
00
00
00
00
00
00
00
00
00
00
00
00
00
00
00
15
c1
fe
fe
dc
b1
88
7d
7f
d5
f6
2a
00
00
00
00
00
00
00
00
00
00
00
00
00
00
00
00
00
00
00
00
00
00
49
9d
e1
fd
fe
fe
fe
f1
55
00
00
00
00
00
00
00
00
00
00
00
00
00
00
00
00
00
00
00
00
00
00
00
00
00
00
0c
33
3b
3b
15
00
00
00
00
00
00
00
00
00
00
00
00
00
00
00
00
00
00
00
00
00
00
00
00
00
00
00
00
00
00
00
00
00
00
00
00
00
00
00
00
00
00
00
00
00
00
00
00
00
00
00
00
00
00
00
00
00
00
00
00
00
00
00
00
00
00
00
00
00
00
00
00
00
00
00
00
00
00
00
00
00
00
00
00
00
00
00
00
00
00
00
00
00
00
00
00
00
00
00
00
00
00
00
00
00
00
00
00
00
00
00
00
00
00
00
00
00
00
00
00
00
00
00
00
00
00
00
00
00
00
00
00
00
00
00
00
00
00
00
00
00
00
00
00
00
00
00
00
00
00
00
00
00
00
00
00
00
00
00
00
00
00
00
00
00
00
00
00
00
00
00
00
