0
0
0
0
0
0
0
0
0
0
0
2
1
10
5
10
1
0
0
0
0
0
0
0
0
0
0
0
0
0
0
0
0
0
0
0
0
5
13
53
95
142
169
143
111
67
39
17
0
0
0
0
0
0
0
0
0
0
0
0
0
0
0
0
6
37
107
196
255
255
255
255
255
238
195
126
70
23
0
0
0
0
0
0
0
0
0
0
0
0
0
2
38
88
195
255
255
255
218
244
255
255
254
240
178
96
33
0
0
0
0
0
0
0
0
0
0
0
0
19
70
147
181
139
32
0
0
0
0
84
111
176
199
165
100
28
0
0
0
0
0
0
0
0
0
0
3
54
95
166
72
0
0
0
0
0
0
0
0
0
78
163
125
84
2
0
0
0
0
0
0
0
0
0
21
71
129
96
0
0
0
0
0
0
0
0
0
0
0
77
106
111
32
0
0
0
0
0
0
0
0
0
45
78
122
0
0
0
0
4
0
0
0
0
0
0
0
0
82
88
74
0
0
0
0
0
0
0
0
3
63
86
62
0
0
0
0
1
0
0
0
0
0
0
0
0
42
63
87
0
0
0
0
0
0
0
0
16
70
76
0
0
0
0
7
0
0
0
0
0
0
0
0
0
0
47
64
0
0
0
0
0
0
0
0
30
79
56
0
0
0
0
0
0
0
0
0
0
0
21
0
0
0
22
39
0
0
0
0
0
0
0
0
46
70
37
0
0
0
1
0
0
0
0
0
0
0
40
20
0
0
2
25
0
0
0
0
0
0
0
0
58
53
4
0
0
0
3
0
0
0
0
0
0
0
52
40
0
0
0
8
0
0
0
0
0
0
0
0
63
34
0
0
0
10
0
0
0
0
0
0
0
4
65
44
0
0
0
0
0
0
0
0
0
0
0
0
64
9
0
0
5
19
0
0
0
0
0
0
0
17
71
50
0
0
0
0
0
0
0
0
0
0
0
0
64
0
0
0
27
20
0
0
0
0
0
0
0
30
79
39
0
0
0
0
0
0
0
0
0
0
0
0
64
0
0
0
38
21
0
0
0
0
0
0
1
44
77
38
0
0
0
0
0
0
0
0
0
0
0
0
62
0
0
0
40
50
0
0
0
0
0
0
13
66
103
30
0
0
0
3
0
0
0
0
0
0
0
0
47
10
0
0
52
92
23
0
0
0
0
5
51
105
137
17
0
0
0
0
0
0
0
0
0
0
0
0
16
0
0
0
96
151
109
45
12
0
1
33
78
164
108
0
0
0
0
0
0
0
0
0
0
0
0
0
0
0
0
0
87
183
237
203
161
128
117
153
195
202
44
0
0
0
6
0
0
0
0
0
0
0
0
0
1
0
0
0
8
138
232
255
255
255
255
255
255
150
0
0
0
0
2
0
0
0
0
0
0
0
0
0
1
0
0
0
0
0
50
145
209
247
255
250
140
0
0
0
0
8
0
0
0
0
0
0
0
0
0
0
0
1
0
0
0
0
0
0
0
0
0
0
0
0
0
0
6
0
0
0
0
0
0
0
0
0
0
0
0
0
0
0
0
0
0
0
0
0
0
0
0
0
0
0
3
0
0
0
0
0
0
0
0
0
0
0
0
0
0
1
0
0
0
0
0
0
0
0
0
0
0
7
0
0
0
0
0
0
0
0
0
0
0
0
0
0
0
0
0
0
0
0
0
0
0
0
0
0
2
0
0
0
0
0
0
0
0
0
0
0
0
0
0
0
0
0
0
0
0
0
0
0
0
0
0
0
0
0
0
0
0
0
0
0
0
0
0
0
0
0
0
0
0
0
0
0
0
0
0
4
5
1
0
0
0
0
0
0
0
0
0
0
0
0
0
0
0
0
0
0
0
0
0
0
0
0
5
28
38
30
24
23
7
0
0
0
0
0
0
0
0
0
0
0
0
0
0
0
0
0
0
0
0
45
87
65
44
51
53
43
49
38
10
0
0
0
0
0
0
0
0
0
0
0
0
0
0
0
0
8
117
155
67
8
8
1
25
45
48
53
45
14
0
0
0
0
0
0
0
0
0
0
0
0
0
0
18
151
211
83
0
0
0
0
0
0
8
5
37
41
12
0
0
0
0
0
0
0
0
0
0
0
0
0
117
174
77
0
47
100
94
87
28
0
0
14
0
34
28
1
0
0
0
0
0
0
0
0
0
0
0
69
141
93
0
0
84
77
82
109
132
96
3
33
15
9
18
13
0
0
0
0
0
0
0
0
0
0
8
107
109
24
0
44
24
2
1
10
47
106
76
32
37
35
11
20
0
0
0
0
0
0
0
0
0
0
54
107
78
0
4
38
2
0
0
0
0
23
58
56
37
56
42
1
0
0
0
0
0
0
0
0
0
0
98
85
52
0
28
12
0
0
0
0
0
0
16
60
54
33
74
0
0
0
0
0
0
0
0
0
0
0
113
67
34
0
28
0
0
0
0
0
0
0
0
47
88
22
80
0
0
0
0
0
0
0
0
0
0
26
110
45
29
10
20
0
0
0
0
0
0
0
0
39
101
28
60
6
0
0
0
0
0
0
0
0
0
60
92
36
18
22
6
0
0
0
0
0
0
0
0
54
90
40
38
11
0
0
0
0
0
0
0
0
0
83
64
38
19
27
0
0
0
0
0
0
0
0
0
77
85
52
18
12
0
0
0
0
0
0
0
0
0
98
38
44
29
21
0
0
0
0
0
0
0
0
0
108
69
52
0
16
0
0
0
0
0
0
0
0
0
107
24
47
35
13
0
0
0
0
0
0
0
0
0
120
52
37
3
20
0
0
0
0
0
0
0
0
0
110
20
48
39
9
0
0
0
0
0
0
0
0
21
107
47
36
12
16
0
0
0
0
0
0
0
0
0
97
27
31
48
19
0
0
0
0
0
0
0
0
49
123
69
14
10
5
0
0
0
0
0
0
0
0
0
71
33
24
47
35
10
0
0
0
0
0
0
0
115
150
39
0
17
0
0
0
0
0
0
0
0
0
11
59
9
0
45
20
42
23
5
0
0
0
0
55
169
108
0
0
30
0
0
0
0
0
0
0
0
0
14
69
17
0
40
6
12
25
24
20
0
0
39
161
165
0
0
33
20
0
0
0
0
0
0
0
0
0
0
54
83
1
19
20
0
13
35
41
29
69
185
198
61
0
3
43
3
0
0
0
0
0
0
0
0
0
0
16
89
90
30
32
8
14
21
26
51
125
155
39
0
0
48
16
0
0
0
0
0
0
0
0
0
0
0
0
27
79
99
98
86
36
5
3
23
25
0
0
0
39
29
0
0
0
0
0
0
0
0
0
0
0
0
0
0
9
42
79
103
101
92
79
61
22
0
0
51
44
6
0
0
0
0
0
0
0
0
0
0
0
0
0
0
0
0
0
14
42
68
75
69
68
63
61
43
12
0
0
0
0
0
0
0
0
0
0
0
0
0
0
0
0
0
0
0
0
1
3
11
16
14
10
3
0
0
0
0
0
0
0
0
0
0
0
0
0
0
0
0
0
0
0
0
0
0
0
0
0
0
0
0
0
0
0
0
0
0
0
0
0
0
0
0
0
0
0
0
0
0
0
0
6
0
0
0
0
0
0
0
0
0
0
0
0
0
0
0
0
0
0
0
0
0
0
0
0
0
9
8
0
0
0
0
0
0
0
0
0
0
0
0
0
0
0
0
0
0
0
0
0
0
0
0
0
2
35
9
0
0
0
0
0
0
0
0
0
0
0
0
0
0
0
0
0
0
0
0
0
0
0
0
0
45
31
0
0
21
99
43
0
0
0
0
0
0
0
0
0
0
0
0
0
0
0
0
0
0
0
0
11
70
14
0
0
211
255
255
255
255
255
42
0
0
0
0
0
0
0
0
0
0
0
0
0
0
0
0
68
51
0
0
0
118
133
169
219
255
255
255
228
0
0
0
0
0
0
0
0
0
0
0
0
0
0
7
87
6
0
0
0
0
0
0
0
0
31
255
255
152
0
0
0
0
0
0
0
0
0
0
0
0
0
64
72
0
0
0
64
0
0
0
0
0
0
0
255
255
0
0
0
0
0
0
0
0
0
0
0
0
0
94
47
0
0
28
15
0
0
0
0
0
0
0
58
255
91
0
0
0
0
0
0
0
0
0
0
0
0
92
34
0
0
43
0
0
0
0
0
0
0
0
0
242
113
0
0
0
0
0
0
0
0
0
0
0
15
86
34
0
0
34
0
0
0
0
0
0
0
0
0
151
95
0
0
0
0
0
0
0
0
0
0
0
53
77
26
0
0
7
0
0
0
0
0
0
0
0
9
106
59
0
0
0
0
0
0
0
0
0
0
0
80
88
5
0
0
0
0
0
0
0
0
0
0
0
57
89
23
0
0
0
0
0
0
0
0
0
0
0
92
118
0
0
0
0
0
0
0
0
0
0
0
0
81
68
0
0
6
0
0
0
0
0
0
0
0
0
89
138
0
0
0
0
0
0
0
0
0
0
0
0
86
54
0
0
32
0
0
0
0
0
0
0
0
0
88
151
0
0
0
0
0
0
0
0
0
0
0
9
90
43
0
0
26
0
0
0
0
0
0
0
0
0
86
154
0
0
0
0
0
0
0
0
0
0
0
45
70
16
0
0
7
0
0
0
0
0
0
0
0
0
73
187
0
0
0
0
0
0
0
0
0
0
0
53
7
0
0
9
0
0
0
0
0
0
0
0
0
0
21
255
35
0
0
0
0
0
0
0
0
0
43
7
0
0
0
51
0
0
0
0
0
0
0
0
0
0
0
248
225
0
0
0
0
0
0
0
0
33
52
0
0
0
65
36
0
0
0
0
0
0
0
0
0
0
0
94
255
206
0
0
0
0
0
0
0
0
0
0
0
30
81
0
0
0
0
0
0
0
0
0
0
0
0
0
188
255
255
0
0
0
0
0
0
0
0
0
0
88
23
0
0
0
0
0
0
0
0
0
0
0
0
0
0
177
255
255
243
112
11
0
0
0
0
0
77
50
0
0
0
0
0
0
0
0
0
0
0
0
0
0
0
0
97
253
255
255
255
255
255
216
166
135
86
1
0
0
0
0
0
0
0
0
0
0
0
0
0
0
0
0
0
0
28
106
175
198
178
156
127
85
12
0
0
0
0
0
0
0
0
0
0
0
0
0
0
0
0
0
0
0
0
0
0
0
0
0
0
0
0
0
0
0
0
0
0
0
0
0
0
0
0
0
0
0
0
0
0
0
0
0
0
0
0
0
0
0
0
0
0
0
0
0
0
0
0
0
0
0
0
0
0
0
0
0
0
0
0
0
0
0
0
0
0
0
0
0
0
0
0
0
0
0
0
0
0
0
0
0
0
0
0
0
0
0
0
8
14
0
0
0
0
0
0
0
0
0
0
0
0
0
0
0
0
0
0
0
0
0
0
0
0
0
47
103
91
59
32
30
0
0
0
0
0
0
0
0
0
0
0
0
0
0
0
0
0
0
0
0
0
0
0
24
112
148
127
150
135
60
0
0
0
0
0
0
0
0
0
0
0
0
0
0
0
0
0
0
0
0
0
0
1
52
61
87
208
247
141
5
0
0
0
0
0
0
0
0
0
0
0
0
0
0
0
0
0
0
0
0
0
0
0
0
12
190
255
185
6
0
0
0
0
0
0
0
0
0
0
0
0
0
0
0
0
0
71
17
0
0
0
0
0
0
209
255
166
0
0
0
0
0
0
0
0
0
0
0
0
0
0
0
2
130
168
10
0
0
0
0
0
0
0
255
255
62
0
0
0
0
0
0
0
0
0
0
0
0
0
0
128
223
69
0
0
0
0
0
0
0
0
44
255
211
0
0
0
0
0
0
0
0
0
0
0
0
0
81
212
151
0
0
0
0
0
0
0
0
0
0
224
255
19
0
0
0
0
0
0
0
0
0
0
0
0
195
197
70
0
0
0
0
0
0
0
0
0
0
149
255
74
0
0
0
0
0
0
0
0
0
0
0
0
240
163
14
0
0
0
0
0
0
0
0
0
0
141
249
100
0
0
0
0
0
0
0
0
0
0
0
100
242
127
0
0
0
0
0
0
0
0
0
0
0
159
233
95
0
0
0
0
0
0
0
0
0
0
0
189
226
83
0
0
0
0
0
0
0
0
0
0
0
190
211
87
0
0
0
0
0
0
0
0
0
0
0
246
214
45
0
0
0
0
0
0
0
0
0
0
0
213
188
70
0
0
0
0
0
0
0
0
0
0
0
255
201
27
0
0
0
0
0
0
0
0
0
0
0
232
164
45
0
0
0
0
0
0
0
0
0
0
0
255
188
27
0
0
0
0
0
0
0
0
0
0
16
251
146
12
0
0
0
0
0
0
0
0
0
0
0
255
183
26
0
0
0
0
0
0
0
0
0
0
114
237
119
0
0
0
0
0
0
0
0
0
0
0
0
255
230
6
0
0
0
0
0
0
0
0
0
0
145
202
100
0
0
0
0
0
0
0
0
0
0
0
0
242
255
45
0
0
0
0
0
0
0
0
0
0
157
196
54
0
0
0
0
0
0
0
0
0
0
0
0
85
255
220
27
0
0
0
0
0
0
0
0
8
192
169
11
0
0
0
0
0
0
0
0
0
0
0
0
0
116
255
202
116
61
34
11
0
0
0
0
101
231
76
0
0
0
0
0
0
0
0
0
0
0
0
0
0
0
41
143
149
138
110
79
0
0
0
22
227
146
0
0
0
0
0
0
0
0
0
0
0
0
0
0
0
0
0
0
0
3
20
8
0
0
10
194
205
36
0
0
0
0
0
0
0
0
0
0
0
0
0
0
0
0
0
0
0
0
0
0
0
0
118
214
82
0
0
0
0
0
0
0
0
0
0
0
0
0
0
0
0
0
0
0
0
0
0
0
0
32
139
86
0
0
0
0
0
0
0
0
0
0
0
0
0
0
0
0
0
0
0
0
0
0
0
0
0
40
29
0
0
0
0
0
0
0
0
0
0
0
0
0
0
0
0
0
0
0
0
0
0
0
0
2
6
3
0
0
0
0
0
0
0
0
0
0
0
0
0
0
0
0
0
0
0
0
0
0
0
0
0
0
0
0
0
0
0
0
0
0
0
0
0
0
0
0
0
0
0
0
0
0
0
0
0
5
4
0
0
0
0
0
0
0
0
0
0
0
0
0
0
0
0
0
0
0
0
0
0
0
0
16
46
66
48
0
0
0
0
0
0
0
0
0
0
0
0
0
0
0
0
0
0
0
0
0
0
0
17
71
138
150
67
0
0
0
0
0
0
0
0
0
0
0
0
0
0
0
0
0
0
0
0
0
0
6
65
170
210
124
0
0
0
0
0
0
0
0
0
0
0
0
0
0
0
0
0
0
0
0
0
0
0
37
151
255
150
0
0
0
0
0
0
0
0
0
0
0
0
0
0
0
0
0
0
0
0
0
0
0
9
95
255
225
0
0
0
33
29
10
11
14
4
0
0
0
0
0
0
0
0
0
0
0
0
0
0
0
36
185
255
61
0
0
0
51
103
115
125
150
154
89
0
0
0
0
0
0
0
0
0
0
0
0
0
0
85
255
225
0
0
0
0
0
18
34
57
127
211
255
109
0
0
0
0
0
0
0
0
0
0
0
0
8
153
255
83
0
0
0
0
0
0
0
2
24
105
255
255
0
0
0
0
0
0
0
0
0
0
0
0
26
232
255
0
0
0
0
0
0
0
0
0
1
30
197
255
113
0
0
0
0
0
0
0
0
0
0
0
61
255
224
0
0
0
0
0
0
0
0
0
0
4
148
255
161
0
0
0
0
0
0
0
0
0
0
0
110
255
132
0
0
0
0
0
0
0
0
0
0
0
134
255
140
0
0
0
0
0
0
0
0
0
0
0
162
255
58
0
0
0
0
0
0
0
0
0
0
1
157
255
84
0
0
0
0
0
0
0
0
0
0
0
206
255
12
0
0
0
0
0
0
0
0
0
0
9
200
255
17
0
0
0
0
0
0
0
0
0
0
0
235
255
0
0
0
0
0
0
0
0
0
0
0
28
254
255
0
0
0
0
0
0
0
0
0
0
0
0
249
255
0
0
0
0
0
0
0
0
0
0
0
61
255
210
0
0
0
0
0
0
0
0
0
0
0
0
253
255
0
0
0
0
0
0
0
0
0
0
3
114
255
129
0
0
0
0
0
0
0
0
0
0
0
0
248
255
7
0
0
0
0
0
0
0
0
0
30
187
255
22
0
0
0
0
0
0
0
0
0
0
0
0
221
255
72
0
0
0
0
0
0
0
0
14
89
255
230
0
0
0
0
0
0
0
0
0
0
0
0
0
172
255
184
0
0
0
0
0
0
0
3
55
189
255
46
0
0
0
0
0
0
0
0
0
0
0
0
0
108
226
254
36
0
0
0
0
0
0
0
76
222
125
0
0
0
0
0
0
0
0
0
0
0
0
0
0
46
170
242
181
0
0
0
0
0
0
0
47
75
0
0
0
0
0
0
0
0
0
0
0
0
0
0
0
10
92
182
208
104
0
0
0
0
0
0
37
0
0
0
0
0
0
0
0
0
0
0
0
0
0
0
0
0
27
95
168
173
95
0
0
0
0
0
0
0
0
0
0
0
0
0
0
0
0
0
0
0
0
0
0
0
2
23
67
132
149
116
69
27
0
0
0
0
0
0
0
0
0
0
0
0
0
0
0
0
0
0
0
0
0
0
8
23
53
82
104
107
94
69
34
11
0
0
0
0
0
0
0
0
0
0
0
0
0
0
0
0
0
0
0
0
0
1
7
13
22
19
11
1
0
0
0
0
0
0
0
0
0
0
0
0
0
0
0
0
0
0
0
0
0
0
0
0
0
0
0
0
0
0
0
0
0
0
0
0
0
0
0
0
0
0
0
0
0
0
0
0
0
6
0
0
0
0
0
0
0
0
0
0
0
0
0
0
0
0
0
0
0
0
0
0
0
0
0
18
19
0
0
0
0
0
0
0
0
0
0
0
0
0
0
0
0
0
0
0
0
0
0
0
0
0
20
0
0
0
0
0
0
0
0
0
0
0
0
0
0
0
0
0
0
0
0
0
0
0
0
0
0
7
7
0
0
0
0
0
0
0
0
0
0
0
0
0
0
0
0
0
0
0
0
0
0
0
0
0
0
22
0
0
0
0
0
0
0
0
0
0
0
0
0
0
0
0
0
0
0
0
0
0
0
0
0
0
11
0
0
0
0
207
197
200
218
164
65
0
0
0
0
0
0
0
0
0
0
0
0
0
0
0
0
0
11
0
0
0
192
203
208
255
255
255
255
150
37
44
0
0
0
0
0
0
0
0
0
0
0
0
0
0
0
0
0
46
137
59
98
67
41
71
126
152
71
7
41
0
0
0
0
0
0
0
0
0
0
0
0
8
0
0
0
87
70
63
61
3
0
0
5
55
86
0
0
0
0
0
0
0
0
0
0
0
0
0
0
3
0
0
0
91
50
69
21
0
0
0
0
2
45
1
0
0
0
36
0
0
0
0
0
0
0
0
0
0
0
0
0
71
44
54
0
0
0
0
0
0
10
6
0
0
0
73
0
0
0
0
0
0
0
0
0
0
0
0
5
58
48
33
0
0
0
0
0
0
0
0
0
0
0
67
19
0
0
0
0
0
0
0
0
0
0
0
14
43
50
11
0
0
0
0
0
0
1
0
0
0
0
53
34
0
0
0
0
0
0
0
0
0
0
0
13
33
48
0
0
0
0
0
0
0
8
0
0
0
33
50
41
0
0
0
0
0
0
0
0
0
0
0
12
34
34
0
0
0
0
0
0
0
2
0
0
0
65
45
43
0
0
0
0
0
0
0
0
0
0
0
9
34
18
0
0
0
0
0
0
0
0
0
0
0
63
43
40
0
0
0
0
0
0
0
0
0
0
0
6
36
11
0
0
0
0
0
0
4
0
0
0
0
54
46
25
0
0
0
0
0
0
0
0
0
0
0
0
20
7
0
0
0
0
0
0
25
0
0
0
39
54
47
9
0
0
0
0
0
0
0
0
0
0
0
0
0
0
0
0
0
0
0
17
0
0
0
0
81
49
53
0
0
0
0
0
0
0
0
0
0
0
0
0
0
0
0
0
0
0
3
12
0
0
0
102
75
53
52
0
0
0
0
0
0
0
0
0
0
0
0
0
0
0
0
0
0
0
0
0
0
0
70
127
55
80
33
0
0
0
0
0
0
0
0
0
44
0
0
0
0
0
0
0
0
0
0
0
0
0
156
78
76
69
6
0
0
0
0
0
0
0
0
0
23
58
7
0
0
0
0
0
0
0
0
0
0
156
115
68
84
27
0
0
0
0
0
0
0
0
0
0
0
49
101
94
62
57
44
0
0
0
0
41
213
168
78
89
47
0
0
0
0
0
0
0
0
0
0
0
0
6
58
117
156
198
246
239
222
212
246
255
248
143
109
71
10
0
0
0
0
0
0
0
0
0
0
0
0
0
0
19
63
114
160
202
241
255
255
239
160
110
72
21
0
0
0
0
0
0
0
0
0
0
0
0
0
0
0
0
0
0
3
17
32
40
40
33
25
17
5
0
0
0
0
0
0
0
0
0
0
0
0
0
0
0
0
0
0
0
0
0
0
0
0
0
0
0
0
0
0
0
0
0
0
0
0
