00
17
12
82
7F
FF
FF
00
00
00
00
00
00
00
00
00
78
00
00
00
00
00
00
00
00
00
00
00
00
00
00
00
00
00
00
00
00
00
00
00
00
00
00
00
00
00
00
00
00
00
00
00
00
00
00
00
00
00
00
00
00
00
00
00
00
00
00
00
00
00
00
00
00
00
00
00
00
00
00
00
3B
1F
1C
00
00
00
00
00
00
00
88
FF
FF
FF
FF
FF
D0
70
7E
FB
00
00
00
00
00
00
00
00
00
00
00
00
0F
00
00
00
00
00
00
00
00
00
00
00
00
00
00
00
00
00
00
00
00
00
00
00
00
00
00
00
00
00
00
00
00
00
00
27
00
00
00
00
00
00
00
00
4C
47
00
00
00
00
00
00
00
00
00
00
00
00
00
A0
87
25
08
00
00
00
00
00
A1
FF
FF
FF
FF
00
00
00
00
2A
00
00
00
00
00
00
00
00
00
00
00
D6
15
00
00
00
03
00
00
00
1D
F1
00
00
00
00
8A
00
00
00
72
00
00
00
00
00
FF
00
00
06
18
00
00
00
00
00
FF
00
00
4D
00
00
00
00
00
46
FF
00
00
E0
00
00
00
00
00
FF
00
00
00
98
00
00
00
0E
E8
97
00
00
3F
31
24
00
00
00
10
00
00
00
06
07
00
00
00
00
00
00
00
00
00
00
00
00
00
00
00
00
00
00
00
00
00
00
00
00
00
00
00
00
00
5A
00
00
00
48
FF
FF
FF
FF
84
24
00
00
00
00
00
00
3E
08
00
3A
00
00
00
00
00
00
00
00
00
1D
00
00
00
00
00
00
00
00
00
4B
00
00
00
00
00
06
00
00
00
9D
00
00
00
00
00
00
00
00
00
00
00
00
00
00
00
00
00
00
2B
00
00
00
00
00
C3
FF
FF
FF
FF
FF
00
00
00
00
00
00
00
00
00
00
00
00
00
00
00
00
00
00
00
32
FF
FF
00
00
00
00
00
00
00
00
FF
FF
27
00
74
49
00
00
00
00
F6
CC
7B
00
00
00
00
00
00
00
25
28
00
00
00
00
00
00
00
00
00
00
00
00
00
00
00
00
00
20
00
00
00
00
00
00
00
00
00
00
00
00
00
00
00
00
00
00
00
00
00
00
00
00
00
00
00
00
00
00
00
00
00
00
00
00
00
00
00
00
84
79
00
00
00
00
00
00
00
42
B9
12
00
00
00
00
00
00
00
00
69
00
00
00
00
00
00
00
00
00
00
00
00
00
00
3E
3D
00
00
00
00
00
00
00
13
FF
97
00
00
00
00
00
03
39
E6
FF
00
00
00
00
00
00
00
0F
18
00
00
00
00
00
00
00
00
00
00
00
00
00
00
00
00
00
00
00
00
00
00
00
00
00
00
00
00
00
00
00
00
00
00
00
00
00
00
00
00
00
00
00
00
00
00
00
35
D0
EC
1A
00
00
00
00
47
D8
FF
FF
FF
0A
00
00
00
00
6B
E2
FF
FF
C6
0B
00
00
00
00
3D
6F
94
A7
65
00
00
00
00
00
63
8A
D2
E2
3E
00
00
00
00
00
FF
F7
7A
20
00
00
00
00
00
00
58
00
00
00
00
47
FF
FF
FF
FD
00
00
00
00
00
7B
9B
59
00
00
00
00
00
1F
33
00
00
00
00
00
A5
68
00
00
1B
B7
00
00
00
FF
59
69
44
00
00
FF
FF
00
00
00
00
3F
65
00
00
00
00
81
00
00
47
15
41
80
00
00
28
85
00
00
31
0B
00
00
00
4D
11
3D
00
00
00
0E
00
00
38
66
00
00
00
1B
00
00
49
00
00
00
00
00
53
5D
00
00
00
00
00
00
00
00
00
00
00
00
00
00
00
00
00
00
00
00
90
1D
64
BB
00
00
00
00
00
00
A1
00
00
00
00
00
00
00
95
73
A5
00
00
1E
00
00
00
00
AF
FF
01
00
00
00
00
00
00
00
78
FF
00
00
00
00
00
00
00
00
6B
EE
00
00
00
00
00
00
00
00
AF
C6
00
12
03
00
00
00
00
00
8B
60
00
00
00
00
00
00
00
37
00
00
00
00
00
00
00
00
00
00
00
00
00
00
00
00
00
00
00
00
00
00
00
24
3D
47
3B
0D
00
00
00
00
32
1D
00
0F
00
00
00
00
2D
74
00
00
00
00
00
00
00
17
86
17
00
00
00
00
00
00
00
00
FF
00
00
00
00
00
00
00
00
20
FF
00
00
00
00
00
A7
00
00
82
FF
00
12
00
10
6C
C1
00
00
FF
AF
0F
0C
00
2E
D9
52
00
00
5C
00
2D
14
3E
4B
6F
00
00
00
00
00
74
9A
EA
2A
00
00
3D
3C
2C
7B
B8
0B
00
00
00
00
00
00
00
0E
04
AE
00
00
00
3E
BB
00
00
00
00
3D
00
00
8A
6B
00
00
00
00
00
00
00
00
C6
00
00
00
00
00
00
00
00
AC
38
00
00
00
00
00
34
00
00
0D
00
37
00
00
00
80
AC
00
00
00
00
00
00
00
00
FF
5C
00
00
00
00
00
00
00
FF
E3
00
00
00
00
00
00
00
00
00
00
00
00
00
00
00
00
00
00
00
00
00
00
00
00
06
00
00
00
00
00
00
00
00
00
00
00
5F
FF
FF
00
00
00
00
00
00
00
00
FF
FF
00
00
00
00
00
00
00
00
51
FF
00
00
00
00
00
00
00
00
0A
EE
00
00
00
00
00
00
00
00
13
00
00
00
00
00
00
00
00
00
00
00
00
03
00
00
00
00
00
00
00
00
28
00
00
00
00
00
00
00
00
00
00
00
00
00
00
00
00
00
00
00
00
00
00
00
00
00
00
00
00
00
00
00
00
00
00
00
00
00
00
00
00
00
00
00
00
00
00
00
00
00
00
00
00
6E
F1
00
00
00
00
FF
DE
00
9F
F9
B8
2C
00
00
00
5B
83
00
4A
4D
2A
00
00
00
00
12
04
00
97
A9
B9
00
00
00
00
1D
00
00
FF
AA
00
00
00
00
AD
3B
00
00
00
00
00
00
00
00
00
00
00
00
00
00
00
00
00
00
00
00
00
00
00
00
00
00
00
00
00
00
00
00
00
00
00
FF
FF
00
00
00
00
00
00
1F
FF
AE
00
00
00
00
00
00
03
D1
00
00
00
00
00
00
00
00
00
00
00
00
00
00
00
00
00
00
00
00
00
00
00
00
00
00
00
00
12
00
00
00
00
00
00
4A
00
00
00
00
00
00
00
00
FF
00
00
00
00
00
00
00
FF
FF
00
00
00
00
00
00
BF
FF
B0
00
00
00
00
00
FF
FF
0F
00
00
00
00
00
00
00
00
00
00
47
D3
A4
93
99
00
00
1A
A6
FF
FF
FF
A9
00
45
00
00
24
00
00
00
00
00
00
00
00
00
00
00
00
00
00
00
00
00
00
00
00
00
00
00
00
00
00
00
00
00
06
04
13
00
00
00
00
00
00
00
24
00
00
00
00
00
00
00
26
01
00
00
00
00
00
00
00
00
00
00
00
00
00
00
00
00
00
00
00
00
FF
FF
FF
66
00
00
06
00
1E
43
00
00
00
00
00
00
00
FF
F4
23
00
00
00
00
00
00
00
00
00
00
35
00
00
00
00
00
00
00
00
00
55
00
00
00
00
00
00
00
00
00
05
00
00
00
00
09
00
00
00
00
00
00
10
00
00
90
68
00
00
00
56
4E
87
59
2A
6C
00
00
00
00
9F
BD
6E
20
00
00
00
00
00
00
00
00
00
73
67
0A
56
FF
FF
FF
00
00
00
00
00
00
00
00
00
00
