00
00
00
00
03
19
47
5D
59
37
08
00
00
00
00
00
00
19
AA
FF
FF
FF
FF
ED
77
00
00
00
00
00
00
4B
E4
F1
4B
00
16
6F
65
00
00
00
00
00
00
39
01
00
00
00
00
00
46
06
00
00
00
00
00
01
00
0A
03
00
1E
00
48
10
00
00
00
00
00
00
00
00
00
00
35
02
43
0A
00
00
00
00
00
00
00
00
00
17
89
33
00
00
00
00
00
00
00
00
00
00
0C
8D
CE
1C
00
03
00
00
00
00
00
00
07
52
F0
FF
CF
00
07
00
00
00
00
08
59
F7
FF
FF
FF
D5
00
0D
06
06
06
06
21
95
FF
FF
FF
FF
35
FF
FF
FF
FF
FF
FF
FF
10
67
6D
00
00
00
5D
B8
B1
B0
B0
B0
B0
B0
01
00
00
00
00
00
00
00
00
00
00
00
00
00
00
00
00
00
00
00
00
00
00
00
00
00
00
00
00
00
00
00
00
00
00
04
12
1B
04
00
00
00
00
00
00
00
00
78
76
43
4C
3D
23
00
00
00
00
00
00
00
9F
BD
29
33
19
15
1B
00
00
00
00
00
00
43
7A
2C
4B
4D
6E
60
4D
03
00
00
00
00
00
21
1B
2B
05
00
0F
69
47
04
00
00
00
00
00
00
00
00
00
00
00
70
4C
00
00
00
00
00
00
00
00
00
00
00
36
99
2C
09
00
00
00
00
00
00
00
00
00
00
CB
A3
23
05
00
00
00
00
00
00
00
00
1A
E4
DD
25
2E
00
00
00
00
00
00
00
5E
AD
CC
CE
27
33
07
00
00
01
00
00
76
85
76
70
4D
85
6A
45
45
45
45
6B
12
57
78
3E
4F
50
62
47
1E
1D
1D
1D
1D
26
02
32
3C
53
53
53
53
53
53
53
53
53
53
53
00
00
00
00
00
00
00
00
00
00
00
00
00
00
00
00
00
00
00
06
00
00
00
00
00
00
00
00
00
00
00
00
20
00
00
00
00
00
00
00
00
00
00
00
00
21
6C
47
E5
FF
FF
FF
00
00
00
00
00
00
00
15
86
49
18
00
00
FA
00
00
00
00
00
00
00
00
0E
31
00
00
00
AD
00
00
00
00
00
00
00
00
00
00
00
00
00
87
00
00
00
00
00
00
00
00
00
00
00
00
2B
22
2B
10
00
00
00
00
00
00
00
00
00
19
30
00
56
00
00
00
00
00
00
00
01
06
06
00
00
57
42
00
00
00
00
03
04
08
00
00
00
64
81
61
00
00
00
00
00
54
17
00
46
38
00
00
00
00
00
00
00
00
00
72
D7
F5
FF
FF
FF
FF
FF
FF
FF
FF
FF
FF
00
00
03
20
20
20
20
20
20
20
20
20
20
2C
00
00
00
00
00
00
00
00
00
00
00
00
00
00
00
00
00
00
00
00
26
25
2F
17
00
00
00
00
00
00
00
00
00
2D
30
45
93
FF
35
00
00
00
00
00
00
00
00
00
0C
00
00
FF
FF
00
00
00
00
00
00
00
00
92
2B
00
00
9F
FF
00
00
00
00
00
00
00
2B
3B
00
00
00
55
FF
03
00
00
00
00
00
00
00
00
00
00
00
41
FF
19
00
00
00
00
00
00
00
00
00
00
00
6C
CA
0F
00
00
00
00
00
00
00
00
00
00
00
DE
D9
00
00
00
00
00
00
00
00
03
09
00
6D
E8
2F
00
00
00
00
00
07
12
2F
13
00
55
D2
76
02
02
02
03
00
00
03
00
0A
4A
95
D3
94
42
42
42
42
5C
00
00
00
00
00
0D
16
00
00
00
00
00
00
07
00
00
02
00
00
00
00
00
00
00
00
00
00
00
00
00
00
00
00
00
00
00
00
00
00
00
00
00
00
00
00
00
09
1C
13
00
00
00
00
00
00
00
00
00
00
34
A4
6F
01
00
00
00
00
00
00
00
00
00
00
DD
F9
0C
00
00
52
00
00
00
00
00
00
00
00
EC
A0
00
2D
49
FF
A3
00
00
00
00
00
00
00
4A
2A
00
00
00
FF
D9
00
00
00
00
00
00
00
00
00
00
00
00
FF
E7
00
00
00
00
00
00
00
00
00
00
00
2D
FF
97
00
00
00
00
00
00
00
00
00
00
22
DE
FF
00
00
00
00
00
00
00
00
00
18
4C
80
BC
00
00
00
00
00
00
00
1C
4F
58
2A
3D
37
00
00
00
00
00
00
00
27
D7
CF
4E
00
00
00
00
00
00
00
00
00
00
3A
EF
AD
1D
07
00
00
00
00
00
00
00
00
00
23
75
6E
3C
3C
3C
3C
3C
3C
3C
3C
3C
3C
3C
00
00
00
00
00
00
00
00
00
00
00
00
00
00
00
00
00
00
0A
06
00
00
00
00
00
00
00
00
00
00
00
16
19
00
00
00
00
00
00
00
00
00
00
00
00
11
00
62
A2
B2
2D
00
00
00
00
00
00
00
00
00
E4
F9
FF
FF
A0
00
2C
00
00
00
00
00
00
67
82
56
08
00
00
00
21
00
00
00
00
00
00
00
00
00
00
00
09
00
39
00
00
00
00
00
00
00
00
00
00
17
00
41
46
0D
00
00
00
00
00
00
00
00
1C
1B
00
89
44
09
00
00
00
00
00
00
0F
12
0A
00
9C
73
53
00
00
00
00
0F
0F
00
00
00
00
CD
B6
5F
0D
00
00
00
17
05
00
00
00
00
43
20
00
00
00
00
00
00
00
00
A8
E8
EA
8D
3C
0B
0B
0B
0B
0B
0B
5D
18
AC
FF
FF
FF
FF
FF
FF
FF
FF
FF
FF
FF
FF
00
00
00
00
00
00
00
00
00
00
00
00
00
00
