0
0
0
0
3
25
71
93
89
55
8
0
0
0
0
0
0
25
170
255
255
255
255
237
119
0
0
0
0
0
0
75
228
241
75
0
22
111
101
0
0
0
0
0
0
57
1
0
0
0
0
0
70
6
0
0
0
0
0
1
0
10
3
0
30
0
72
16
0
0
0
0
0
0
0
0
0
0
53
2
67
10
0
0
0
0
0
0
0
0
0
23
137
51
0
0
0
0
0
0
0
0
0
0
12
141
206
28
0
3
0
0
0
0
0
0
7
82
240
255
207
0
7
0
0
0
0
8
89
247
255
255
255
213
0
13
6
6
6
6
33
149
255
255
255
255
53
255
255
255
255
255
255
255
16
103
109
0
0
0
93
184
177
176
176
176
176
176
1
0
0
0
0
0
0
0
0
0
0
0
0
0
0
0
0
0
0
0
0
0
0
0
0
0
0
0
0
0
0
0
0
0
0
4
18
27
4
0
0
0
0
0
0
0
0
120
118
67
76
61
35
0
0
0
0
0
0
0
159
189
41
51
25
21
27
0
0
0
0
0
0
67
122
44
75
77
110
96
77
3
0
0
0
0
0
33
27
43
5
0
15
105
71
4
0
0
0
0
0
0
0
0
0
0
0
112
76
0
0
0
0
0
0
0
0
0
0
0
54
153
44
9
0
0
0
0
0
0
0
0
0
0
203
163
35
5
0
0
0
0
0
0
0
0
26
228
221
37
46
0
0
0
0
0
0
0
94
173
204
206
39
51
7
0
0
1
0
0
118
133
118
112
77
133
106
69
69
69
69
107
18
87
120
62
79
80
98
71
30
29
29
29
29
38
2
50
60
83
83
83
83
83
83
83
83
83
83
83
0
0
0
0
0
0
0
0
0
0
0
0
0
0
0
0
0
0
0
6
0
0
0
0
0
0
0
0
0
0
0
0
32
0
0
0
0
0
0
0
0
0
0
0
0
33
108
71
229
255
255
255
0
0
0
0
0
0
0
21
134
73
24
0
0
250
0
0
0
0
0
0
0
0
14
49
0
0
0
173
0
0
0
0
0
0
0
0
0
0
0
0
0
135
0
0
0
0
0
0
0
0
0
0
0
0
43
34
43
16
0
0
0
0
0
0
0
0
0
25
48
0
86
0
0
0
0
0
0
0
1
6
6
0
0
87
66
0
0
0
0
3
4
8
0
0
0
100
129
97
0
0
0
0
0
84
23
0
70
56
0
0
0
0
0
0
0
0
0
114
215
245
255
255
255
255
255
255
255
255
255
255
0
0
3
32
32
32
32
32
32
32
32
32
32
44
0
0
0
0
0
0
0
0
0
0
0
0
0
0
0
0
0
0
0
0
38
37
47
23
0
0
0
0
0
0
0
0
0
45
48
69
147
255
53
0
0
0
0
0
0
0
0
0
12
0
0
255
255
0
0
0
0
0
0
0
0
146
43
0
0
159
255
0
0
0
0
0
0
0
43
59
0
0
0
85
255
3
0
0
0
0
0
0
0
0
0
0
0
65
255
25
0
0
0
0
0
0
0
0
0
0
0
108
202
15
0
0
0
0
0
0
0
0
0
0
0
222
217
0
0
0
0
0
0
0
0
3
9
0
109
232
47
0
0
0
0
0
7
18
47
19
0
85
210
118
2
2
2
3
0
0
3
0
10
74
149
211
148
66
66
66
66
92
0
0
0
0
0
13
22
0
0
0
0
0
0
7
0
0
2
0
0
0
0
0
0
0
0
0
0
0
0
0
0
0
0
0
0
0
0
0
0
0
0
0
0
0
0
0
9
28
19
0
0
0
0
0
0
0
0
0
0
52
164
111
1
0
0
0
0
0
0
0
0
0
0
221
249
12
0
0
82
0
0
0
0
0
0
0
0
236
160
0
45
73
255
163
0
0
0
0
0
0
0
74
42
0
0
0
255
217
0
0
0
0
0
0
0
0
0
0
0
0
255
231
0
0
0
0
0
0
0
0
0
0
0
45
255
151
0
0
0
0
0
0
0
0
0
0
34
222
255
0
0
0
0
0
0
0
0
0
24
76
128
188
0
0
0
0
0
0
0
28
79
88
42
61
55
0
0
0
0
0
0
0
39
215
207
78
0
0
0
0
0
0
0
0
0
0
58
239
173
29
7
0
0
0
0
0
0
0
0
0
35
117
110
60
60
60
60
60
60
60
60
60
60
60
0
0
0
0
0
0
0
0
0
0
0
0
0
0
0
0
0
0
10
6
0
0
0
0
0
0
0
0
0
0
0
22
25
0
0
0
0
0
0
0
0
0
0
0
0
17
0
98
162
178
45
0
0
0
0
0
0
0
0
0
228
249
255
255
160
0
44
0
0
0
0
0
0
103
130
86
8
0
0
0
33
0
0
0
0
0
0
0
0
0
0
0
9
0
57
0
0
0
0
0
0
0
0
0
0
23
0
65
70
13
0
0
0
0
0
0
0
0
28
27
0
137
68
9
0
0
0
0
0
0
15
18
10
0
156
115
83
0
0
0
0
15
15
0
0
0
0
205
182
95
13
0
0
0
23
5
0
0
0
0
67
32
0
0
0
0
0
0
0
0
168
232
234
141
60
11
11
11
11
11
11
93
24
172
255
255
255
255
255
255
255
255
255
255
255
255
0
0
0
0
0
0
0
0
0
0
0
0
0
0
