0
23
18
130
127
255
255
0
0
0
0
0
0
0
0
0
120
0
0
0
0
0
0
0
0
0
0
0
0
0
0
0
0
0
0
0
0
0
0
0
0
0
0
0
0
0
0
0
0
0
0
0
0
0
0
0
0
0
0
0
0
0
0
0
0
0
0
0
0
0
0
0
0
0
0
0
0
0
0
0
59
31
28
0
0
0
0
0
0
0
136
255
255
255
255
255
208
112
126
251
0
0
0
0
0
0
0
0
0
0
0
0
15
0
0
0
0
0
0
0
0
0
0
0
0
0
0
0
0
0
0
0
0
0
0
0
0
0
0
0
0
0
0
0
0
0
0
39
0
0
0
0
0
0
0
0
76
71
0
0
0
0
0
0
0
0
0
0
0
0
0
160
135
37
8
0
0
0
0
0
161
255
255
255
255
0
0
0
0
42
0
0
0
0
0
0
0
0
0
0
0
214
21
0
0
0
3
0
0
0
29
241
0
0
0
0
138
0
0
0
114
0
0
0
0
0
255
0
0
6
24
0
0
0
0
0
255
0
0
77
0
0
0
0
0
70
255
0
0
224
0
0
0
0
0
255
0
0
0
152
0
0
0
14
232
151
0
0
63
49
36
0
0
0
16
0
0
0
6
7
0
0
0
0
0
0
0
0
0
0
0
0
0
0
0
0
0
0
0
0
0
0
0
0
0
0
0
0
0
90
0
0
0
72
255
255
255
255
132
36
0
0
0
0
0
0
62
8
0
58
0
0
0
0
0
0
0
0
0
29
0
0
0
0
0
0
0
0
0
75
0
0
0
0
0
6
0
0
0
157
0
0
0
0
0
0
0
0
0
0
0
0
0
0
0
0
0
0
43
0
0
0
0
0
195
255
255
255
255
255
0
0
0
0
0
0
0
0
0
0
0
0
0
0
0
0
0
0
0
50
255
255
0
0
0
0
0
0
0
0
255
255
39
0
116
73
0
0
0
0
246
204
123
0
0
0
0
0
0
0
37
40
0
0
0
0
0
0
0
0
0
0
0
0
0
0
0
0
0
32
0
0
0
0
0
0
0
0
0
0
0
0
0
0
0
0
0
0
0
0
0
0
0
0
0
0
0
0
0
0
0
0
0
0
0
0
0
0
0
0
132
121
0
0
0
0
0
0
0
66
185
18
0
0
0
0
0
0
0
0
105
0
0
0
0
0
0
0
0
0
0
0
0
0
0
62
61
0
0
0
0
0
0
0
19
255
151
0
0
0
0
0
3
57
230
255
0
0
0
0
0
0
0
15
24
0
0
0
0
0
0
0
0
0
0
0
0
0
0
0
0
0
0
0
0
0
0
0
0
0
0
0
0
0
0
0
0
0
0
0
0
0
0
0
0
0
0
0
0
0
0
0
53
208
236
26
0
0
0
0
71
216
255
255
255
10
0
0
0
0
107
226
255
255
198
11
0
0
0
0
61
111
148
167
101
0
0
0
0
0
99
138
210
226
62
0
0
0
0
0
255
247
122
32
0
0
0
0
0
0
88
0
0
0
0
71
255
255
255
253
0
0
0
0
0
123
155
89
0
0
0
0
0
31
51
0
0
0
0
0
165
104
0
0
27
183
0
0
0
255
89
105
68
0
0
255
255
0
0
0
0
63
101
0
0
0
0
129
0
0
71
21
65
128
0
0
40
133
0
0
49
11
0
0
0
77
17
61
0
0
0
14
0
0
56
102
0
0
0
27
0
0
73
0
0
0
0
0
83
93
0
0
0
0
0
0
0
0
0
0
0
0
0
0
0
0
0
0
0
0
144
29
100
187
0
0
0
0
0
0
161
0
0
0
0
0
0
0
149
115
165
0
0
30
0
0
0
0
175
255
1
0
0
0
0
0
0
0
120
255
0
0
0
0
0
0
0
0
107
238
0
0
0
0
0
0
0
0
175
198
0
18
3
0
0
0
0
0
139
96
0
0
0
0
0
0
0
55
0
0
0
0
0
0
0
0
0
0
0
0
0
0
0
0
0
0
0
0
0
0
0
36
61
71
59
13
0
0
0
0
50
29
0
15
0
0
0
0
45
116
0
0
0
0
0
0
0
23
134
23
0
0
0
0
0
0
0
0
255
0
0
0
0
0
0
0
0
32
255
0
0
0
0
0
167
0
0
130
255
0
18
0
16
108
193
0
0
255
175
15
12
0
46
217
82
0
0
92
0
45
20
62
75
111
0
0
0
0
0
116
154
234
42
0
0
61
60
44
123
184
11
0
0
0
0
0
0
0
14
4
174
0
0
0
62
187
0
0
0
0
61
0
0
138
107
0
0
0
0
0
0
0
0
198
0
0
0
0
0
0
0
0
172
56
0
0
0
0
0
52
0
0
13
0
55
0
0
0
128
172
0
0
0
0
0
0
0
0
255
92
0
0
0
0
0
0
0
255
227
0
0
0
0
0
0
0
0
0
0
0
0
0
0
0
0
0
0
0
0
0
0
0
0
6
0
0
0
0
0
0
0
0
0
0
0
95
255
255
0
0
0
0
0
0
0
0
255
255
0
0
0
0
0
0
0
0
81
255
0
0
0
0
0
0
0
0
10
238
0
0
0
0
0
0
0
0
19
0
0
0
0
0
0
0
0
0
0
0
0
3
0
0
0
0
0
0
0
0
40
0
0
0
0
0
0
0
0
0
0
0
0
0
0
0
0
0
0
0
0
0
0
0
0
0
0
0
0
0
0
0
0
0
0
0
0
0
0
0
0
0
0
0
0
0
0
0
0
0
0
0
0
110
241
0
0
0
0
255
222
0
159
249
184
44
0
0
0
91
131
0
74
77
42
0
0
0
0
18
4
0
151
169
185
0
0
0
0
29
0
0
255
170
0
0
0
0
173
59
0
0
0
0
0
0
0
0
0
0
0
0
0
0
0
0
0
0
0
0
0
0
0
0
0
0
0
0
0
0
0
0
0
0
0
255
255
0
0
0
0
0
0
31
255
174
0
0
0
0
0
0
3
209
0
0
0
0
0
0
0
0
0
0
0
0
0
0
0
0
0
0
0
0
0
0
0
0
0
0
0
0
18
0
0
0
0
0
0
74
0
0
0
0
0
0
0
0
255
0
0
0
0
0
0
0
255
255
0
0
0
0
0
0
191
255
176
0
0
0
0
0
255
255
15
0
0
0
0
0
0
0
0
0
0
71
211
164
147
153
0
0
26
166
255
255
255
169
0
69
0
0
36
0
0
0
0
0
0
0
0
0
0
0
0
0
0
0
0
0
0
0
0
0
0
0
0
0
0
0
0
0
6
4
19
0
0
0
0
0
0
0
36
0
0
0
0
0
0
0
38
1
0
0
0
0
0
0
0
0
0
0
0
0
0
0
0
0
0
0
0
0
255
255
255
102
0
0
6
0
30
67
0
0
0
0
0
0
0
255
244
35
0
0
0
0
0
0
0
0
0
0
53
0
0
0
0
0
0
0
0
0
85
0
0
0
0
0
0
0
0
0
5
0
0
0
0
9
0
0
0
0
0
0
16
0
0
144
104
0
0
0
86
78
135
89
42
108
0
0
0
0
159
189
110
32
0
0
0
0
0
0
0
0
0
115
103
10
86
255
255
255
0
0
0
0
0
0
0
0
0
0
