23
130
255
255
0
0
0
0
0
0
0
0
0
0
0
0
0
0
0
0
255
255
255
208
251
0
15
0
0
0
0
0
0
0
0
0
0
0
76
0
160
135
8
0
0
255
255
255
0
42
241
21
0
138
0
114
0
0
255
77
0
0
255
255
224
36
14
232
0
63
0
0
0
0
0
0
72
255
255
132
0
0
0
62
58
0
0
6
0
157
0
0
0
0
43
0
0
255
255
255
255
0
0
0
50
255
123
116
0
0
40
0
0
0
32
0
0
0
0
0
0
0
0
0
0
185
0
0
0
66
105
0
62
61
0
0
57
255
151
0
0
15
24
0
0
0
0
0
0
0
0
208
236
0
0
226
255
255
0
0
138
226
101
0
0
255
122
71
255
255
0
31
123
155
0
165
68
255
255
255
71
128
0
133
0
49
0
102
61
27
0
73
0
0
93
144
187
0
0
0
165
30
0
0
255
1
0
0
0
255
18
3
0
0
198
0
0
0
55
0
36
71
59
0
0
50
15
0
23
134
0
0
0
32
255
18
108
193
255
255
62
217
82
92
116
234
42
61
60
184
174
138
187
0
0
0
198
0
0
52
0
13
55
0
255
0
0
0
255
227
0
6
0
0
0
0
0
95
255
0
0
0
0
255
0
0
0
0
19
3
0
0
0
0
40
0
0
0
0
0
0
0
0
0
0
249
241
0
255
222
169
185
0
29
4
255
0
0
173
0
0
0
0
0
0
31
255
255
0
0
209
0
0
0
0
18
0
0
74
0
0
0
255
255
0
255
255
176
0
0
166
255
255
153
0
36
0
0
0
0
6
19
0
0
0
36
0
0
0
38
255
255
0
6
67
0
0
0
255
244
85
0
0
0
0
5
16
144
104
0
189
135
108
0
0
0
115
103
255
255
