00
00
00
00
00
F6
00
00
00
00
00
00
00
00
00
00
00
00
00
00
00
00
00
00
00
00
00
00
00
00
00
00
00
00
00
00
00
1E
00
00
00
B8
8F
00
00
00
00
00
00
00
00
00
00
00
00
00
00
00
00
00
00
00
00
00
00
00
00
00
00
00
00
00
00
00
00
00
00
00
00
00
00
00
00
00
00
00
00
00
00
00
00
00
00
00
00
00
00
00
40
00
00
00
00
00
00
00
00
00
00
00
00
00
00
00
00
00
00
00
00
00
00
00
00
00
00
00
00
00
00
00
4A
00
00
00
00
00
00
00
00
00
00
00
00
00
00
00
00
00
00
00
00
00
00
00
00
00
00
00
00
00
00
00
00
00
00
00
00
00
00
00
00
00
00
00
00
00
00
00
00
00
00
00
00
00
00
00
00
00
00
00
00
00
00
00
00
00
00
00
00
00
00
FF
00
00
00
FF
00
00
0C
32
FF
82
00
00
BA
FF
00
00
53
2A
FF
00
00
00
FF
00
00
00
00
2B
AA
00
00
A3
00
00
00
00
00
19
8A
00
00
30
00
00
FC
00
00
18
12
00
00
00
00
D4
79
00
00
19
06
00
00
00
00
FF
6C
00
00
14
00
00
00
00
00
FF
74
00
00
30
00
00
00
00
00
FF
58
00
00
4C
00
00
00
00
00
CC
00
00
00
37
00
00
00
00
A9
FF
FF
8C
6D
2B
00
00
00
00
FF
DE
0D
5E
88
3F
00
00
00
00
00
00
00
11
6F
49
00
00
00
36
3A
3B
00
28
1D
58
00
00
00
00
00
00
46
45
20
5B
00
00
00
85
00
B5
00
00
57
5E
00
00
BB
F2
06
31
00
00
58
6D
00
00
00
00
00
00
00
00
74
80
00
00
00
00
00
16
00
00
2F
4B
00
00
00
00
00
28
00
00
00
00
00
00
00
00
00
00
00
00
56
77
00
00
00
00
00
00
00
00
09
64
00
00
00
00
00
00
00
00
00
5A
00
00
00
00
00
00
00
00
00
52
FF
4F
00
00
00
00
00
00
00
54
FF
FF
00
00
00
00
00
00
00
51
FF
FF
44
00
00
00
00
00
00
4D
D1
F5
DD
DF
A6
00
00
00
00
46
1A
2B
27
97
FF
FF
00
00
00
21
00
00
00
79
FF
FF
FB
00
00
02
EA
84
00
00
00
00
00
00
3A
FF
FF
00
00
00
00
00
00
00
00
F3
DD
00
00
00
00
00
00
00
00
CD
6F
00
00
00
00
00
00
00
00
BC
2C
00
00
00
00
00
00
00
00
AB
00
00
00
00
00
00
00
00
00
94
00
00
00
00
00
00
00
00
00
7E
00
00
00
00
00
00
00
00
00
1E
00
00
00
00
95
DB
00
00
00
00
00
00
00
2F
C7
8D
00
00
00
00
00
00
00
00
00
00
00
00
00
00
00
00
00
00
00
00
00
00
00
00
0B
91
A3
00
00
00
00
00
00
00
00
36
00
00
00
00
00
00
00
00
00
00
00
00
00
00
00
00
00
00
58
F9
F2
FF
FF
69
00
00
00
00
A3
FF
FF
FF
FF
75
00
00
00
00
81
B7
E7
AC
15
00
00
00
00
00
1A
2C
33
0E
00
00
00
00
00
00
00
00
00
00
00
00
01
91
00
00
00
00
00
00
2C
FF
00
00
66
85
00
00
00
00
34
0D
00
00
4A
51
00
00
00
E6
FF
00
00
00
49
4E
42
00
00
00
14
00
00
00
00
67
FF
FF
00
00
00
00
77
00
00
72
2A
FF
FF
69
00
00
34
00
00
69
00
00
B0
B5
5E
00
00
00
00
68
75
29
00
00
8C
00
00
00
00
56
1F
21
17
00
78
62
99
00
00
00
00
00
00
00
26
4D
FF
3F
00
00
00
00
00
29
00
00
00
D2
B1
00
00
00
93
F9
00
00
00
DD
FA
00
00
00
7E
16
00
00
00
EB
FF
00
00
00
00
00
00
00
00
E1
FF
00
B5
00
00
00
00
31
00
CB
FF
00
59
00
00
00
00
00
00
50
FF
04
00
00
00
00
00
00
00
16
FF
0F
00
00
00
00
00
00
00
11
FF
1A
00
00
00
00
4B
40
00
15
F6
38
00
00
00
1D
92
55
00
00
4A
13
53
00
00
00
00
00
5A
59
7C
B3
00
00
25
00
00
00
74
D2
62
D1
00
00
FF
00
00
00
FF
C3
27
C3
00
FF
FF
00
00
00
4D
D2
00
C0
00
FF
FF
00
00
00
00
FF
00
B6
00
00
00
00
00
00
00
FF
00
A7
00
00
00
00
00
00
00
FF
00
A5
00
00
00
00
00
00
00
FF
00
9C
00
00
00
2C
5E
00
00
FF
00
58
00
00
00
3D
AA
00
00
E5
00
0A
1A
00
00
00
67
00
00
00
00
00
00
00
00
FF
00
00
00
00
2B
00
00
00
00
00
00
00
00
00
00
00
00
00
00
00
00
00
00
00
00
00
00
00
00
00
00
FF
00
00
00
00
00
00
00
00
FF
00
00
00
00
00
00
00
00
00
EE
00
00
00
00
00
00
02
00
00
56
00
00
00
00
00
00
00
04
2D
56
00
00
5A
1E
07
00
00
00
1B
45
00
00
F8
A7
1C
00
00
00
00
00
FF
FF
00
00
6F
02
00
00
00
00
E4
FF
00
00
71
FF
71
00
00
00
3B
FF
17
00
69
B7
FC
00
00
00
00
FF
8F
00
54
00
00
00
00
00
00
FF
6D
00
33
00
00
00
00
00
38
FF
63
00
10
00
00
00
00
00
21
FF
4D
00
00
00
00
00
00
00
00
FF
64
00
00
0A
00
00
00
00
00
EB
88
00
00
00
00
00
00
00
00
00
92
00
00
00
00
00
00
00
00
00
00
00
00
00
00
00
00
00
00
3E
16
00
00
00
FE
00
00
00
00
30
00
00
00
00
00
00
00
00
00
00
00
00
00
00
00
00
00
00
00
00
00
00
00
00
00
00
00
00
00
00
2B
00
00
61
5E
BB
00
00
00
11
AA
00
00
B1
BA
8E
00
00
00
16
4C
00
00
2A
3D
27
00
00
00
00
9B
00
00
00
00
00
00
00
00
18
C1
00
00
00
00
FF
FF
00
00
00
00
00
00
00
FF
FF
00
00
00
00
00
00
00
00
A7
00
00
00
00
00
00
00
00
00
00
00
00
00
F0
00
00
00
00
00
00
00
00
FF
00
00
00
00
00
07
46
24
00
00
00
00
00
00
00
46
4B
00
00
00
00
00
00
00
00
00
00
00
00
00
00
00
00
00
00
00
00
00
00
00
00
00
00
00
00
00
00
00
00
00
15
00
00
00
00
00
00
66
B0
FF
00
46
00
00
00
00
36
00
00
00
00
00
00
00
00
00
00
00
00
00
00
00
00
00
00
00
00
00
00
00
00
00
00
00
00
00
00
4C
FF
9A
00
00
00
00
00
3D
AB
FF
FF
C4
00
00
00
04
00
00
00
00
00
00
00
00
00
01
00
00
00
00
00
00
00
00
00
00
00
00
00
00
00
00
00
00
00
1E
04
00
00
00
00
00
00
00
81
86
1C
00
00
00
00
00
00
00
00
00
4B
00
00
00
00
00
00
00
00
00
40
00
00
00
00
00
00
00
00
00
32
00
00
00
00
00
00
00
00
00
26
00
00
00
00
00
00
00
00
00
12
00
00
00
00
00
00
00
00
00
00
36
00
00
00
00
00
00
00
00
00
31
00
00
00
00
00
00
00
00
00
09
0C
00
00
00
00
00
00
00
0B
00
00
00
00
00
00
00
00
00
00
