00
00
00
00
2B
CD
FF
FF
FF
6F
00
00
00
00
00
00
00
3A
DA
FF
FF
9A
76
6A
00
00
00
00
00
00
2B
B6
D1
56
00
01
2B
5E
00
00
00
00
00
00
49
90
00
00
3A
6C
2A
41
01
00
00
00
00
00
54
1C
12
10
97
9D
00
4C
1A
00
00
00
00
00
37
00
DD
FF
FF
8C
00
4D
22
00
00
00
00
00
00
00
DB
FF
A5
00
00
31
30
00
00
00
00
00
01
00
00
00
00
28
01
1C
38
00
00
00
00
00
00
00
00
00
06
21
18
08
38
00
00
00
00
00
00
00
00
00
00
1C
23
00
38
00
00
00
00
00
00
00
00
00
00
17
2B
00
40
00
00
00
00
00
00
00
00
00
00
00
00
00
00
00
00
00
00
00
00
00
00
00
00
01
00
00
06
00
00
00
00
00
00
00
00
00
00
00
00
00
00
00
00
00
00
00
00
00
00
00
69
62
49
1E
00
00
00
00
00
00
00
00
56
D8
AA
00
24
1D
00
00
00
00
00
00
00
42
DA
94
31
81
65
3B
00
00
00
00
00
00
00
82
89
34
36
59
9A
42
01
00
00
00
00
00
00
79
30
2F
00
9D
A5
4A
07
00
00
00
00
00
0B
64
1E
3F
E0
DB
3C
56
02
00
00
00
00
00
1D
64
58
AB
AF
18
87
32
0B
00
00
00
00
00
04
60
4D
3A
3E
40
53
42
08
00
00
00
00
00
00
00
10
21
1A
00
54
40
0C
00
00
00
00
00
00
00
00
00
00
00
66
41
11
00
00
00
00
00
00
00
00
00
00
00
6F
3E
14
00
00
00
00
00
00
00
00
00
00
07
60
02
1F
00
00
00
00
00
00
00
00
00
00
00
21
15
29
00
00
00
00
00
00
00
00
00
00
00
00
00
00
00
00
00
00
00
00
00
10
16
00
00
00
00
00
00
00
00
00
00
00
0F
24
00
CD
FF
FF
00
00
00
00
00
00
00
00
3D
0A
35
48
80
E1
00
00
00
00
00
00
00
00
78
00
58
10
42
96
00
00
00
00
00
00
00
00
8F
00
20
15
20
A7
00
00
00
00
00
00
00
00
FF
17
00
00
00
FF
00
00
00
00
00
00
00
00
FF
FF
F1
83
81
C6
0D
00
00
00
00
00
00
00
00
D1
FF
92
38
C7
3A
00
00
00
00
00
00
00
00
00
00
00
00
B1
4F
00
00
00
00
00
00
00
00
00
00
00
00
A0
53
00
00
00
00
00
00
00
00
00
00
00
00
A8
AA
00
00
00
00
00
00
00
00
00
00
00
00
2D
C2
56
00
00
00
00
00
00
00
00
00
00
00
00
05
0B
00
00
00
00
00
00
00
00
00
00
00
00
00
00
00
00
00
00
00
00
00
00
00
3F
78
DA
20
00
00
00
00
00
00
00
00
00
00
00
00
FF
DB
00
00
00
00
00
00
00
00
00
AB
77
00
FF
FF
00
00
00
00
00
00
00
00
B9
CB
0B
00
FF
FF
00
00
00
00
00
00
00
33
FF
14
00
00
FF
FF
00
00
00
00
00
00
00
38
FF
3C
00
2F
82
FF
17
00
00
00
00
00
00
00
69
1D
61
BA
00
FF
1D
00
00
00
00
00
00
00
00
1A
8E
47
00
FF
3A
00
00
00
00
00
00
00
04
0E
00
00
00
FF
48
00
00
00
00
00
00
00
00
00
00
00
00
FF
4E
00
00
00
00
00
00
00
00
00
00
00
00
FF
7B
00
00
00
00
00
00
00
00
00
00
00
00
9E
6F
00
00
00
00
00
00
00
00
00
00
00
00
25
00
00
00
00
00
00
00
00
00
00
00
00
00
00
00
00
00
00
00
00
00
01
53
8B
41
00
00
00
00
00
00
00
00
00
01
66
CB
A9
00
45
00
00
00
00
00
00
00
00
44
FF
D9
00
33
FF
05
00
00
00
00
00
00
00
E7
FF
00
00
8D
FF
00
00
00
00
00
00
00
00
FF
EB
00
29
FF
FF
00
00
00
00
00
00
00
00
FF
FF
00
5E
BF
25
85
00
00
00
00
00
00
00
CF
FF
29
03
00
9A
FE
00
00
00
00
00
00
00
40
B8
7C
13
00
B0
FF
00
00
00
00
00
00
00
01
17
2E
1C
00
97
FF
00
00
00
00
00
00
00
00
00
00
00
00
79
FF
00
00
00
00
00
00
00
00
00
00
00
00
66
FF
00
00
00
00
00
00
00
00
00
00
00
00
3B
D3
00
00
00
00
00
00
00
00
00
00
00
00
0A
37
26
00
00
00
00
00
00
00
00
00
00
00
00
00
00
00
00
00
00
00
00
00
01
1C
0D
00
00
00
00
00
00
00
00
00
00
01
1F
00
00
31
00
00
00
00
00
00
00
00
00
16
00
8D
E6
FF
7F
00
13
00
00
00
00
00
00
0A
00
CB
75
57
00
00
26
00
00
00
00
00
00
00
01
5C
50
10
00
0D
29
00
00
00
00
00
00
00
00
00
00
00
9E
01
27
00
00
00
00
00
00
11
00
00
33
E0
A7
09
1D
00
00
00
00
00
00
33
9A
FF
FF
E5
75
00
2C
00
00
00
00
00
00
01
3D
58
50
2B
01
00
2D
08
00
00
00
00
00
00
00
00
00
00
00
00
30
0F
00
00
00
00
00
00
00
00
00
00
00
00
48
12
00
00
00
00
00
00
00
00
00
00
0C
77
6C
41
00
00
00
00
00
00
00
00
00
00
12
60
3B
43
00
00
00
00
00
00
00
00
00
00
00
00
00
00
00
00
00
