0
0
0
0
0
246
0
0
0
0
0
0
0
0
0
0
0
0
0
0
0
0
0
0
0
0
0
0
0
0
0
0
0
0
0
0
0
30
0
0
0
184
143
0
0
0
0
0
0
0
0
0
0
0
0
0
0
0
0
0
0
0
0
0
0
0
0
0
0
0
0
0
0
0
0
0
0
0
0
0
0
0
0
0
0
0
0
0
0
0
0
0
0
0
0
0
0
0
64
0
0
0
0
0
0
0
0
0
0
0
0
0
0
0
0
0
0
0
0
0
0
0
0
0
0
0
0
0
0
0
74
0
0
0
0
0
0
0
0
0
0
0
0
0
0
0
0
0
0
0
0
0
0
0
0
0
0
0
0
0
0
0
0
0
0
0
0
0
0
0
0
0
0
0
0
0
0
0
0
0
0
0
0
0
0
0
0
0
0
0
0
0
0
0
0
0
0
0
0
0
0
255
0
0
0
255
0
0
12
50
255
130
0
0
186
255
0
0
83
42
255
0
0
0
255
0
0
0
0
43
170
0
0
163
0
0
0
0
0
25
138
0
0
48
0
0
252
0
0
24
18
0
0
0
0
212
121
0
0
25
6
0
0
0
0
255
108
0
0
20
0
0
0
0
0
255
116
0
0
48
0
0
0
0
0
255
88
0
0
76
0
0
0
0
0
204
0
0
0
55
0
0
0
0
169
255
255
140
109
43
0
0
0
0
255
222
13
94
136
63
0
0
0
0
0
0
0
17
111
73
0
0
0
54
58
59
0
40
29
88
0
0
0
0
0
0
70
69
32
91
0
0
0
133
0
181
0
0
87
94
0
0
187
242
6
49
0
0
88
109
0
0
0
0
0
0
0
0
116
128
0
0
0
0
0
22
0
0
47
75
0
0
0
0
0
40
0
0
0
0
0
0
0
0
0
0
0
0
86
119
0
0
0
0
0
0
0
0
9
100
0
0
0
0
0
0
0
0
0
90
0
0
0
0
0
0
0
0
0
82
255
79
0
0
0
0
0
0
0
84
255
255
0
0
0
0
0
0
0
81
255
255
68
0
0
0
0
0
0
77
209
245
221
223
166
0
0
0
0
70
26
43
39
151
255
255
0
0
0
33
0
0
0
121
255
255
251
0
0
2
234
132
0
0
0
0
0
0
58
255
255
0
0
0
0
0
0
0
0
243
221
0
0
0
0
0
0
0
0
205
111
0
0
0
0
0
0
0
0
188
44
0
0
0
0
0
0
0
0
171
0
0
0
0
0
0
0
0
0
148
0
0
0
0
0
0
0
0
0
126
0
0
0
0
0
0
0
0
0
30
0
0
0
0
149
219
0
0
0
0
0
0
0
47
199
141
0
0
0
0
0
0
0
0
0
0
0
0
0
0
0
0
0
0
0
0
0
0
0
0
11
145
163
0
0
0
0
0
0
0
0
54
0
0
0
0
0
0
0
0
0
0
0
0
0
0
0
0
0
0
88
249
242
255
255
105
0
0
0
0
163
255
255
255
255
117
0
0
0
0
129
183
231
172
21
0
0
0
0
0
26
44
51
14
0
0
0
0
0
0
0
0
0
0
0
0
1
145
0
0
0
0
0
0
44
255
0
0
102
133
0
0
0
0
52
13
0
0
74
81
0
0
0
230
255
0
0
0
73
78
66
0
0
0
20
0
0
0
0
103
255
255
0
0
0
0
119
0
0
114
42
255
255
105
0
0
52
0
0
105
0
0
176
181
94
0
0
0
0
104
117
41
0
0
140
0
0
0
0
86
31
33
23
0
120
98
153
0
0
0
0
0
0
0
38
77
255
63
0
0
0
0
0
41
0
0
0
210
177
0
0
0
147
249
0
0
0
221
250
0
0
0
126
22
0
0
0
235
255
0
0
0
0
0
0
0
0
225
255
0
181
0
0
0
0
49
0
203
255
0
89
0
0
0
0
0
0
80
255
4
0
0
0
0
0
0
0
22
255
15
0
0
0
0
0
0
0
17
255
26
0
0
0
0
75
64
0
21
246
56
0
0
0
29
146
85
0
0
74
19
83
0
0
0
0
0
90
89
124
179
0
0
37
0
0
0
116
210
98
209
0
0
255
0
0
0
255
195
39
195
0
255
255
0
0
0
77
210
0
192
0
255
255
0
0
0
0
255
0
182
0
0
0
0
0
0
0
255
0
167
0
0
0
0
0
0
0
255
0
165
0
0
0
0
0
0
0
255
0
156
0
0
0
44
94
0
0
255
0
88
0
0
0
61
170
0
0
229
0
10
26
0
0
0
103
0
0
0
0
0
0
0
0
255
0
0
0
0
43
0
0
0
0
0
0
0
0
0
0
0
0
0
0
0
0
0
0
0
0
0
0
0
0
0
0
255
0
0
0
0
0
0
0
0
255
0
0
0
0
0
0
0
0
0
238
0
0
0
0
0
0
2
0
0
86
0
0
0
0
0
0
0
4
45
86
0
0
90
30
7
0
0
0
27
69
0
0
248
167
28
0
0
0
0
0
255
255
0
0
111
2
0
0
0
0
228
255
0
0
113
255
113
0
0
0
59
255
23
0
105
183
252
0
0
0
0
255
143
0
84
0
0
0
0
0
0
255
109
0
51
0
0
0
0
0
56
255
99
0
16
0
0
0
0
0
33
255
77
0
0
0
0
0
0
0
0
255
100
0
0
10
0
0
0
0
0
235
136
0
0
0
0
0
0
0
0
0
146
0
0
0
0
0
0
0
0
0
0
0
0
0
0
0
0
0
0
62
22
0
0
0
254
0
0
0
0
48
0
0
0
0
0
0
0
0
0
0
0
0
0
0
0
0
0
0
0
0
0
0
0
0
0
0
0
0
0
0
43
0
0
97
94
187
0
0
0
17
170
0
0
177
186
142
0
0
0
22
76
0
0
42
61
39
0
0
0
0
155
0
0
0
0
0
0
0
0
24
193
0
0
0
0
255
255
0
0
0
0
0
0
0
255
255
0
0
0
0
0
0
0
0
167
0
0
0
0
0
0
0
0
0
0
0
0
0
240
0
0
0
0
0
0
0
0
255
0
0
0
0
0
7
70
36
0
0
0
0
0
0
0
70
75
0
0
0
0
0
0
0
0
0
0
0
0
0
0
0
0
0
0
0
0
0
0
0
0
0
0
0
0
0
0
0
0
0
21
0
0
0
0
0
0
102
176
255
0
70
0
0
0
0
54
0
0
0
0
0
0
0
0
0
0
0
0
0
0
0
0
0
0
0
0
0
0
0
0
0
0
0
0
0
0
76
255
154
0
0
0
0
0
61
171
255
255
196
0
0
0
4
0
0
0
0
0
0
0
0
0
1
0
0
0
0
0
0
0
0
0
0
0
0
0
0
0
0
0
0
0
30
4
0
0
0
0
0
0
0
129
134
28
0
0
0
0
0
0
0
0
0
75
0
0
0
0
0
0
0
0
0
64
0
0
0
0
0
0
0
0
0
50
0
0
0
0
0
0
0
0
0
38
0
0
0
0
0
0
0
0
0
18
0
0
0
0
0
0
0
0
0
0
54
0
0
0
0
0
0
0
0
0
49
0
0
0
0
0
0
0
0
0
9
12
0
0
0
0
0
0
0
11
0
0
0
0
0
0
0
0
0
0
