0
0
246
0
0
0
0
0
30
0
184
143
0
0
0
0
0
0
0
0
0
0
0
0
64
0
0
0
0
0
74
0
0
0
0
0
0
0
0
0
0
0
0
0
0
0
0
0
0
0
255
0
255
0
83
255
163
255
0
43
138
48
212
252
25
6
0
255
116
48
0
0
255
88
76
0
0
255
255
136
0
54
59
40
111
0
133
181
70
94
0
242
49
0
128
0
0
40
0
75
0
0
0
0
119
0
0
0
0
90
255
0
0
0
84
255
223
166
0
77
43
151
255
251
33
255
0
0
0
255
221
0
0
0
205
44
0
0
0
171
0
0
0
0
126
0
47
219
0
0
0
0
0
0
0
145
163
0
0
0
249
255
255
0
0
255
255
255
0
0
44
51
0
145
0
0
0
255
0
133
66
230
255
0
103
255
255
0
119
114
117
181
140
0
104
33
23
120
255
0
0
249
0
221
250
0
126
0
235
255
181
0
49
203
255
0
0
0
22
255
0
29
146
21
246
83
37
0
210
209
255
255
0
255
195
255
255
0
255
182
0
0
0
255
165
0
61
170
255
88
26
255
103
0
43
0
0
0
0
0
0
0
255
0
0
2
0
238
0
0
0
45
86
248
167
2
0
255
255
113
255
0
59
255
105
0
0
56
255
51
0
0
33
255
0
10
0
0
235
0
0
0
0
62
0
254
0
0
48
0
0
0
0
43
0
186
187
0
170
0
61
39
0
193
0
255
255
0
0
0
167
0
240
0
0
70
36
255
0
0
75
0
0
0
0
0
0
21
0
0
54
176
255
70
0
0
0
0
0
0
171
255
196
0
4
0
0
0
0
1
0
0
0
129
134
0
0
0
0
75
0
0
0
0
50
0
0
0
0
18
54
0
0
0
0
12
0
0
0
11
