0
0
0
0
43
205
255
255
255
111
0
0
0
0
0
0
0
58
218
255
255
154
118
106
0
0
0
0
0
0
43
182
209
86
0
1
43
94
0
0
0
0
0
0
73
144
0
0
58
108
42
65
1
0
0
0
0
0
84
28
18
16
151
157
0
76
26
0
0
0
0
0
55
0
221
255
255
140
0
77
34
0
0
0
0
0
0
0
219
255
165
0
0
49
48
0
0
0
0
0
1
0
0
0
0
40
1
28
56
0
0
0
0
0
0
0
0
0
6
33
24
8
56
0
0
0
0
0
0
0
0
0
0
28
35
0
56
0
0
0
0
0
0
0
0
0
0
23
43
0
64
0
0
0
0
0
0
0
0
0
0
0
0
0
0
0
0
0
0
0
0
0
0
0
0
1
0
0
6
0
0
0
0
0
0
0
0
0
0
0
0
0
0
0
0
0
0
0
0
0
0
0
105
98
73
30
0
0
0
0
0
0
0
0
86
216
170
0
36
29
0
0
0
0
0
0
0
66
218
148
49
129
101
59
0
0
0
0
0
0
0
130
137
52
54
89
154
66
1
0
0
0
0
0
0
121
48
47
0
157
165
74
7
0
0
0
0
0
11
100
30
63
224
219
60
86
2
0
0
0
0
0
29
100
88
171
175
24
135
50
11
0
0
0
0
0
4
96
77
58
62
64
83
66
8
0
0
0
0
0
0
0
16
33
26
0
84
64
12
0
0
0
0
0
0
0
0
0
0
0
102
65
17
0
0
0
0
0
0
0
0
0
0
0
111
62
20
0
0
0
0
0
0
0
0
0
0
7
96
2
31
0
0
0
0
0
0
0
0
0
0
0
33
21
41
0
0
0
0
0
0
0
0
0
0
0
0
0
0
0
0
0
0
0
0
0
16
22
0
0
0
0
0
0
0
0
0
0
0
15
36
0
205
255
255
0
0
0
0
0
0
0
0
61
10
53
72
128
225
0
0
0
0
0
0
0
0
120
0
88
16
66
150
0
0
0
0
0
0
0
0
143
0
32
21
32
167
0
0
0
0
0
0
0
0
255
23
0
0
0
255
0
0
0
0
0
0
0
0
255
255
241
131
129
198
13
0
0
0
0
0
0
0
0
209
255
146
56
199
58
0
0
0
0
0
0
0
0
0
0
0
0
177
79
0
0
0
0
0
0
0
0
0
0
0
0
160
83
0
0
0
0
0
0
0
0
0
0
0
0
168
170
0
0
0
0
0
0
0
0
0
0
0
0
45
194
86
0
0
0
0
0
0
0
0
0
0
0
0
5
11
0
0
0
0
0
0
0
0
0
0
0
0
0
0
0
0
0
0
0
0
0
0
0
63
120
218
32
0
0
0
0
0
0
0
0
0
0
0
0
255
219
0
0
0
0
0
0
0
0
0
171
119
0
255
255
0
0
0
0
0
0
0
0
185
203
11
0
255
255
0
0
0
0
0
0
0
51
255
20
0
0
255
255
0
0
0
0
0
0
0
56
255
60
0
47
130
255
23
0
0
0
0
0
0
0
105
29
97
186
0
255
29
0
0
0
0
0
0
0
0
26
142
71
0
255
58
0
0
0
0
0
0
0
4
14
0
0
0
255
72
0
0
0
0
0
0
0
0
0
0
0
0
255
78
0
0
0
0
0
0
0
0
0
0
0
0
255
123
0
0
0
0
0
0
0
0
0
0
0
0
158
111
0
0
0
0
0
0
0
0
0
0
0
0
37
0
0
0
0
0
0
0
0
0
0
0
0
0
0
0
0
0
0
0
0
0
1
83
139
65
0
0
0
0
0
0
0
0
0
1
102
203
169
0
69
0
0
0
0
0
0
0
0
68
255
217
0
51
255
5
0
0
0
0
0
0
0
231
255
0
0
141
255
0
0
0
0
0
0
0
0
255
235
0
41
255
255
0
0
0
0
0
0
0
0
255
255
0
94
191
37
133
0
0
0
0
0
0
0
207
255
41
3
0
154
254
0
0
0
0
0
0
0
64
184
124
19
0
176
255
0
0
0
0
0
0
0
1
23
46
28
0
151
255
0
0
0
0
0
0
0
0
0
0
0
0
121
255
0
0
0
0
0
0
0
0
0
0
0
0
102
255
0
0
0
0
0
0
0
0
0
0
0
0
59
211
0
0
0
0
0
0
0
0
0
0
0
0
10
55
38
0
0
0
0
0
0
0
0
0
0
0
0
0
0
0
0
0
0
0
0
0
1
28
13
0
0
0
0
0
0
0
0
0
0
1
31
0
0
49
0
0
0
0
0
0
0
0
0
22
0
141
230
255
127
0
19
0
0
0
0
0
0
10
0
203
117
87
0
0
38
0
0
0
0
0
0
0
1
92
80
16
0
13
41
0
0
0
0
0
0
0
0
0
0
0
158
1
39
0
0
0
0
0
0
17
0
0
51
224
167
9
29
0
0
0
0
0
0
51
154
255
255
229
117
0
44
0
0
0
0
0
0
1
61
88
80
43
1
0
45
8
0
0
0
0
0
0
0
0
0
0
0
0
48
15
0
0
0
0
0
0
0
0
0
0
0
0
72
18
0
0
0
0
0
0
0
0
0
0
12
119
108
65
0
0
0
0
0
0
0
0
0
0
18
96
59
67
0
0
0
0
0
0
0
0
0
0
0
0
0
0
0
0
0
