00
00
00
00
00
18
00
00
00
00
00
00
00
00
00
37
00
00
00
00
00
00
00
00
00
00
00
00
00
16
00
00
00
00
00
00
00
00
00
00
00
00
00
00
00
00
00
00
00
00
FF
FF
00
00
36
B6
82
47
0E
09
48
00
00
00
00
00
00
00
00
53
00
00
00
00
00
00
00
00
00
00
00
00
00
00
00
00
00
00
00
00
00
00
00
00
00
00
00
00
00
00
00
00
00
1D
E8
00
00
00
00
00
00
00
00
FF
00
00
00
00
00
00
00
00
00
00
00
00
00
00
00
00
00
00
00
00
00
00
00
00
00
00
FF
00
00
00
00
81
00
00
00
4D
00
00
00
00
00
00
00
00
10
8F
00
00
00
00
00
00
00
00
00
00
00
00
00
00
00
00
00
00
00
00
00
00
00
00
00
00
00
00
00
00
00
00
00
00
00
00
00
00
00
00
00
00
C6
00
00
00
00
00
36
00
00
FF
00
00
B5
00
00
2A
2B
00
FF
00
00
00
FF
00
00
4D
00
00
11
00
00
5A
FF
00
00
4F
00
00
00
00
00
30
9E
00
00
00
00
00
00
00
00
18
65
00
00
50
26
00
00
00
00
52
75
00
00
0F
15
00
04
00
00
BC
97
00
00
05
2D
00
00
00
00
FF
65
00
00
3C
48
1B
00
00
00
FF
41
00
00
3C
1C
01
00
00
00
00
00
00
5B
27
18
00
00
00
00
00
6F
FF
9F
5F
46
00
00
00
00
00
FF
02
00
15
00
00
00
00
00
6C
00
00
00
02
2B
19
00
7D
FF
FF
FF
64
BD
FF
FF
FF
00
00
00
00
00
00
00
00
00
00
00
00
00
BB
26
09
9E
FF
FF
D9
FF
FF
FF
FF
FF
FF
FF
FF
FF
FF
00
00
00
00
00
00
00
00
00
00
00
00
00
00
00
00
00
00
00
00
00
00
00
00
00
00
00
79
85
00
00
00
00
00
00
00
00
53
60
00
00
00
00
00
00
00
00
00
00
00
00
00
00
00
00
00
00
00
00
00
00
00
00
00
00
00
00
00
00
00
00
00
00
00
00
00
00
00
00
00
00
00
00
00
00
00
00
00
00
00
57
00
00
00
00
00
00
8A
00
00
E1
FF
FF
48
00
00
04
FF
CC
22
21
8A
FF
FF
2E
00
00
3D
41
0B
12
98
2F
00
00
00
00
35
F7
00
A4
6E
00
00
00
00
00
00
C6
00
63
00
00
00
00
00
00
00
D8
56
00
00
00
00
00
00
00
00
97
2F
00
00
00
00
00
00
00
00
00
00
00
00
00
00
00
00
00
00
00
00
00
00
00
00
00
00
00
00
00
00
00
00
00
00
00
00
00
00
00
00
00
00
00
00
00
00
00
00
00
00
00
00
9D
BE
00
00
00
00
00
00
9E
28
00
00
00
00
00
00
00
00
20
00
00
00
00
00
00
00
00
00
00
00
00
00
00
00
00
00
00
00
00
00
E8
4A
68
CB
00
00
00
00
00
30
89
00
00
09
00
00
00
00
00
00
00
00
00
00
00
00
00
00
FF
FF
F2
29
16
00
00
00
5C
F1
FF
FF
FF
A8
43
13
00
00
FF
FF
B3
7A
0E
00
00
00
00
00
00
4A
23
10
00
00
00
00
00
00
00
08
00
22
79
00
00
00
00
7C
66
00
0E
0B
00
00
00
20
00
00
26
00
00
00
00
00
38
1B
00
41
89
5D
00
00
00
56
42
00
00
00
77
A9
00
00
00
00
00
00
00
00
00
00
00
00
00
00
00
00
00
00
00
00
FF
FF
F1
A3
38
00
FF
FF
FF
0E
76
32
13
00
17
00
00
98
55
7B
32
29
70
46
74
00
00
47
15
03
17
07
83
8E
C6
00
00
00
32
01
00
00
00
00
00
1A
FF
C6
03
00
00
00
00
00
00
0A
FF
FF
13
00
00
00
00
64
00
00
FF
7C
00
00
00
00
00
00
00
00
00
00
00
00
00
00
00
00
00
00
00
00
00
00
4F
00
00
00
00
3F
E7
00
00
00
00
02
00
00
00
9D
FF
00
00
00
00
00
00
00
00
00
AC
00
00
00
00
00
00
00
00
00
19
00
00
00
00
00
4C
3D
00
00
D2
00
00
00
5F
80
00
00
00
E6
6F
62
9C
00
8C
00
00
00
00
98
8A
2E
AC
00
00
00
00
00
00
76
9A
32
80
00
00
00
59
00
00
FF
E3
67
7B
00
23
65
AE
00
00
FF
FF
ED
84
00
FF
00
12
00
00
FF
7F
72
09
00
00
00
00
00
00
10
00
00
00
00
00
00
00
00
00
00
00
00
00
00
00
00
00
00
00
61
00
00
00
00
00
18
5B
00
00
FF
00
2A
3C
00
21
00
00
00
00
1D
00
00
1A
00
00
00
00
00
0D
00
00
08
0D
00
00
00
00
FF
00
00
00
27
00
00
00
00
B7
00
00
00
00
00
00
00
00
00
00
00
00
00
00
00
00
00
E3
44
00
00
00
00
00
00
00
00
6D
00
00
00
00
00
00
00
00
07
00
00
00
00
00
00
00
00
00
00
00
00
1C
00
00
00
00
00
00
00
00
1B
4F
00
00
61
2F
02
04
00
00
00
00
00
00
FF
00
00
65
00
00
00
00
00
A2
FF
00
00
6B
00
00
00
00
00
FF
FF
00
00
36
0F
00
00
00
00
EB
FF
00
00
00
00
00
00
00
00
00
41
00
00
00
00
00
00
00
00
10
00
00
00
5D
34
00
00
00
00
E2
00
00
00
A0
FD
00
00
00
00
DA
00
00
00
00
00
00
00
00
00
FF
34
00
00
00
00
00
00
00
00
E4
95
00
00
45
06
00
00
00
00
00
00
00
00
00
00
00
00
00
00
00
00
00
00
00
00
00
00
00
00
00
00
FF
4A
00
C3
00
8B
00
00
00
DF
FF
00
00
7D
00
00
00
00
00
00
00
00
00
00
00
00
00
00
00
00
00
00
00
00
00
00
00
00
00
00
00
00
00
00
08
00
00
00
00
88
00
00
00
67
81
14
00
00
9E
FF
00
00
21
90
23
00
00
00
00
D7
00
00
00
02
00
00
00
00
F4
92
00
00
00
00
00
00
00
FF
1F
00
00
00
00
00
00
00
FF
09
00
00
00
00
00
00
4B
FF
00
00
00
00
00
00
00
00
FF
00
00
00
00
00
00
00
00
00
00
00
00
00
00
00
00
00
09
2D
00
00
00
00
00
00
00
00
00
00
00
00
00
00
00
00
00
00
00
00
00
00
00
00
00
00
00
00
00
11
00
00
00
00
00
00
00
00
00
00
00
00
00
00
00
00
00
00
00
00
00
00
00
0B
00
07
00
00
00
00
00
00
00
00
00
00
00
2E
1A
3A
00
00
00
00
00
00
00
00
00
00
00
00
00
00
00
00
00
00
00
00
00
00
00
00
00
00
00
00
00
28
FF
FF
FF
FF
FF
FF
FF
FF
FF
FF
00
00
00
00
00
00
00
00
00
00
00
00
00
00
00
00
00
00
00
00
00
00
00
00
00
00
10
00
00
00
00
00
00
00
00
00
00
00
42
00
00
00
00
00
00
00
00
00
1A
00
00
00
00
00
00
00
00
00
34
42
00
00
00
00
00
00
00
00
80
AF
00
00
3D
E1
4E
4D
58
FF
FF
FF
00
00
00
00
00
00
00
00
C4
FF
00
00
00
00
00
00
00
00
00
00
00
00
00
00
00
00
00
00
00
00
00
00
00
00
00
00
00
00
00
00
02
00
00
00
00
00
00
1A
29
00
