00
00
00
00
00
0C
61
9E
77
00
00
00
00
00
00
00
00
00
10
99
FF
FF
87
00
00
00
00
00
00
00
00
12
9D
E3
FF
00
27
00
00
00
00
00
00
00
15
A4
E5
BF
00
00
24
00
00
00
00
00
00
19
A9
E7
BF
00
2F
00
1C
00
00
00
00
00
14
A0
D8
A8
00
04
3B
00
18
00
00
00
00
00
5E
E5
D9
C5
FF
FF
FF
AB
FF
FF
FF
F8
68
00
6F
72
03
FF
FF
FF
FF
B2
FF
FF
FF
BA
40
00
02
00
00
00
00
00
00
00
00
00
00
00
06
00
00
00
00
00
00
1C
2A
00
35
00
00
00
04
00
00
00
00
00
00
1C
2C
00
3E
00
00
00
00
00
00
00
00
00
00
14
2B
00
3A
00
00
00
00
00
00
00
00
00
00
00
00
00
00
00
00
00
00
00
00
00
00
00
00
01
00
00
0E
00
00
00
00
00
00
00
00
00
00
00
00
4C
34
00
00
00
00
00
00
00
00
00
00
00
AE
7A
1D
00
00
00
00
00
00
00
00
00
00
E2
BD
31
3E
00
00
00
00
00
00
00
00
00
E3
DC
6F
6E
38
00
00
00
00
00
00
00
00
DF
DD
30
6F
49
2E
00
00
00
00
00
00
00
D6
D8
36
35
56
35
28
00
00
00
00
00
00
82
BF
5A
4B
27
93
4D
29
27
49
4D
2A
00
65
70
3F
6A
3F
3A
8D
4D
5F
3A
52
41
00
00
51
46
4D
4A
4A
4A
9F
7F
4A
4A
4D
3B
2F
00
00
06
10
10
10
10
75
41
1E
10
13
0F
09
00
00
00
00
00
00
00
6A
3D
14
00
00
00
00
00
00
00
00
00
00
01
71
3D
0F
00
00
00
00
00
00
00
00
00
00
06
5C
01
2D
00
00
00
00
00
00
00
00
00
00
00
16
1C
22
00
00
00
00
00
00
00
00
00
00
00
2B
00
00
00
00
00
00
00
00
00
00
00
00
18
1B
00
00
00
00
00
00
00
00
00
00
00
21
1E
37
FF
00
00
00
00
00
00
00
00
00
1C
19
00
90
F1
00
00
00
00
00
00
00
00
22
16
00
6D
31
89
00
00
00
00
00
00
00
1C
26
00
6D
46
46
8B
00
00
00
00
00
00
46
5E
00
00
00
00
00
32
00
00
00
00
00
00
3E
CE
FF
FF
FF
FF
FF
A1
FF
FF
FF
FF
33
00
00
52
C8
D5
D5
D5
FF
CA
D2
D5
DD
E9
72
00
00
00
00
00
00
00
95
4E
00
00
00
00
00
00
00
00
00
00
00
00
A7
54
00
00
00
00
00
00
00
00
00
00
00
00
A9
BC
00
00
00
00
00
00
00
00
00
00
00
00
0F
B2
4D
00
00
00
00
00
00
00
00
00
00
00
00
00
00
00
00
00
00
00
00
00
00
00
00
00
00
78
23
00
00
00
00
00
00
00
00
00
00
00
00
FF
F1
00
00
00
00
00
00
00
00
00
00
00
00
FF
FF
00
00
00
00
00
00
00
00
00
00
6B
80
BF
E5
00
00
00
00
00
00
00
00
00
72
D1
10
DA
DD
00
00
00
00
00
00
00
00
7C
CC
57
00
F4
D3
00
00
00
00
00
00
00
BB
FF
6A
45
03
E6
F1
45
62
97
07
00
00
00
AE
57
01
01
00
8F
36
01
28
BA
7E
00
00
00
00
00
00
00
00
E9
50
00
00
6B
4A
00
00
01
00
00
00
00
00
FF
50
00
00
09
00
00
00
00
00
00
00
00
00
FF
4B
00
00
00
00
00
00
00
00
00
00
00
00
FF
88
00
00
00
00
00
00
00
00
00
00
00
00
86
5E
00
00
00
00
00
00
00
00
00
00
00
00
2C
00
00
00
00
00
00
00
00
00
00
00
22
5D
01
00
00
00
00
00
00
00
00
00
00
29
CE
E7
00
00
00
00
00
00
00
00
00
00
2B
DB
D3
49
00
00
00
00
00
00
00
00
00
30
D9
DD
00
E9
2C
00
00
00
00
00
00
00
34
E0
DB
00
00
FF
3F
00
00
00
00
00
00
2F
E5
E8
00
00
00
FF
2A
00
00
00
00
00
00
FF
FF
00
00
00
00
F8
00
00
00
00
00
00
00
FF
FF
00
00
00
00
84
00
00
00
00
00
00
00
92
94
4A
44
44
99
FF
00
44
44
44
09
00
00
0A
18
15
14
14
7B
FF
00
14
14
14
08
00
00
00
00
00
00
00
6E
FF
00
00
00
00
00
00
00
00
00
00
00
00
63
FF
00
00
00
00
00
00
00
00
00
00
00
00
35
C0
00
00
00
00
00
00
00
00
00
00
00
00
07
25
2C
00
00
00
00
00
00
00
00
00
00
00
1E
17
00
00
00
00
00
00
00
00
00
00
00
1A
1C
00
00
00
00
00
00
00
00
00
00
00
18
19
00
38
1C
3A
00
00
00
00
00
00
00
15
18
00
BB
6F
27
35
00
00
00
00
00
00
14
13
00
C3
B5
24
00
2C
00
00
00
00
00
19
16
00
CE
B3
6D
00
00
28
00
00
00
00
00
1A
00
70
50
14
00
00
00
00
00
00
00
00
00
00
2E
00
00
00
00
00
00
00
00
00
2E
00
00
87
D9
FF
FF
FF
FF
64
FF
FF
FF
FF
A8
4D
00
1B
2D
3E
3E
3E
3E
00
5C
4C
3E
3E
1E
0F
00
00
00
00
00
00
00
00
2A
15
00
00
00
00
00
00
00
00
00
00
00
04
57
12
00
00
00
00
00
00
00
00
00
00
0D
7B
78
48
00
00
00
00
00
00
00
00
00
00
12
50
33
3A
00
00
00
00
00
