0
0
0
0
0
12
97
158
119
0
0
0
0
0
0
0
0
0
16
153
255
255
135
0
0
0
0
0
0
0
0
18
157
227
255
0
39
0
0
0
0
0
0
0
21
164
229
191
0
0
36
0
0
0
0
0
0
25
169
231
191
0
47
0
28
0
0
0
0
0
20
160
216
168
0
4
59
0
24
0
0
0
0
0
94
229
217
197
255
255
255
171
255
255
255
248
104
0
111
114
3
255
255
255
255
178
255
255
255
186
64
0
2
0
0
0
0
0
0
0
0
0
0
0
6
0
0
0
0
0
0
28
42
0
53
0
0
0
4
0
0
0
0
0
0
28
44
0
62
0
0
0
0
0
0
0
0
0
0
20
43
0
58
0
0
0
0
0
0
0
0
0
0
0
0
0
0
0
0
0
0
0
0
0
0
0
0
1
0
0
14
0
0
0
0
0
0
0
0
0
0
0
0
76
52
0
0
0
0
0
0
0
0
0
0
0
174
122
29
0
0
0
0
0
0
0
0
0
0
226
189
49
62
0
0
0
0
0
0
0
0
0
227
220
111
110
56
0
0
0
0
0
0
0
0
223
221
48
111
73
46
0
0
0
0
0
0
0
214
216
54
53
86
53
40
0
0
0
0
0
0
130
191
90
75
39
147
77
41
39
73
77
42
0
101
112
63
106
63
58
141
77
95
58
82
65
0
0
81
70
77
74
74
74
159
127
74
74
77
59
47
0
0
6
16
16
16
16
117
65
30
16
19
15
9
0
0
0
0
0
0
0
106
61
20
0
0
0
0
0
0
0
0
0
0
1
113
61
15
0
0
0
0
0
0
0
0
0
0
6
92
1
45
0
0
0
0
0
0
0
0
0
0
0
22
28
34
0
0
0
0
0
0
0
0
0
0
0
43
0
0
0
0
0
0
0
0
0
0
0
0
24
27
0
0
0
0
0
0
0
0
0
0
0
33
30
55
255
0
0
0
0
0
0
0
0
0
28
25
0
144
241
0
0
0
0
0
0
0
0
34
22
0
109
49
137
0
0
0
0
0
0
0
28
38
0
109
70
70
139
0
0
0
0
0
0
70
94
0
0
0
0
0
50
0
0
0
0
0
0
62
206
255
255
255
255
255
161
255
255
255
255
51
0
0
82
200
213
213
213
255
202
210
213
221
233
114
0
0
0
0
0
0
0
149
78
0
0
0
0
0
0
0
0
0
0
0
0
167
84
0
0
0
0
0
0
0
0
0
0
0
0
169
188
0
0
0
0
0
0
0
0
0
0
0
0
15
178
77
0
0
0
0
0
0
0
0
0
0
0
0
0
0
0
0
0
0
0
0
0
0
0
0
0
0
120
35
0
0
0
0
0
0
0
0
0
0
0
0
255
241
0
0
0
0
0
0
0
0
0
0
0
0
255
255
0
0
0
0
0
0
0
0
0
0
107
128
191
229
0
0
0
0
0
0
0
0
0
114
209
16
218
221
0
0
0
0
0
0
0
0
124
204
87
0
244
211
0
0
0
0
0
0
0
187
255
106
69
3
230
241
69
98
151
7
0
0
0
174
87
1
1
0
143
54
1
40
186
126
0
0
0
0
0
0
0
0
233
80
0
0
107
74
0
0
1
0
0
0
0
0
255
80
0
0
9
0
0
0
0
0
0
0
0
0
255
75
0
0
0
0
0
0
0
0
0
0
0
0
255
136
0
0
0
0
0
0
0
0
0
0
0
0
134
94
0
0
0
0
0
0
0
0
0
0
0
0
44
0
0
0
0
0
0
0
0
0
0
0
34
93
1
0
0
0
0
0
0
0
0
0
0
41
206
231
0
0
0
0
0
0
0
0
0
0
43
219
211
73
0
0
0
0
0
0
0
0
0
48
217
221
0
233
44
0
0
0
0
0
0
0
52
224
219
0
0
255
63
0
0
0
0
0
0
47
229
232
0
0
0
255
42
0
0
0
0
0
0
255
255
0
0
0
0
248
0
0
0
0
0
0
0
255
255
0
0
0
0
132
0
0
0
0
0
0
0
146
148
74
68
68
153
255
0
68
68
68
9
0
0
10
24
21
20
20
123
255
0
20
20
20
8
0
0
0
0
0
0
0
110
255
0
0
0
0
0
0
0
0
0
0
0
0
99
255
0
0
0
0
0
0
0
0
0
0
0
0
53
192
0
0
0
0
0
0
0
0
0
0
0
0
7
37
44
0
0
0
0
0
0
0
0
0
0
0
30
23
0
0
0
0
0
0
0
0
0
0
0
26
28
0
0
0
0
0
0
0
0
0
0
0
24
25
0
56
28
58
0
0
0
0
0
0
0
21
24
0
187
111
39
53
0
0
0
0
0
0
20
19
0
195
181
36
0
44
0
0
0
0
0
25
22
0
206
179
109
0
0
40
0
0
0
0
0
26
0
112
80
20
0
0
0
0
0
0
0
0
0
0
46
0
0
0
0
0
0
0
0
0
46
0
0
135
217
255
255
255
255
100
255
255
255
255
168
77
0
27
45
62
62
62
62
0
92
76
62
62
30
15
0
0
0
0
0
0
0
0
42
21
0
0
0
0
0
0
0
0
0
0
0
4
87
18
0
0
0
0
0
0
0
0
0
0
13
123
120
72
0
0
0
0
0
0
0
0
0
0
18
80
51
58
0
0
0
0
0
