0
0
55
0
0
0
0
0
0
22
255
0
182
130
14
72
0
0
0
83
0
0
0
0
0
0
255
232
0
0
0
0
0
0
0
255
0
129
0
143
0
0
0
0
0
0
0
0
0
0
255
198
181
42
54
255
90
255
79
0
0
48
158
80
38
4
188
151
15
45
0
255
101
60
72
0
0
255
159
70
0
108
255
21
43
125
255
255
255
255
255
255
255
255
255
0
0
0
0
0
0
0
0
121
133
0
0
0
0
0
0
0
0
0
0
87
0
0
138
0
255
255
46
255
204
164
47
0
53
247
99
0
0
0
216
0
0
0
0
0
0
0
0
0
0
0
190
0
0
0
158
0
0
0
0
0
232
203
0
0
48
137
9
0
0
255
255
67
0
255
179
14
0
0
74
34
121
32
124
102
0
86
66
65
169
0
0
0
0
0
255
241
56
255
255
50
142
198
71
50
0
0
26
255
19
0
100
0
255
0
79
0
63
231
0
2
0
157
255
0
0
76
0
210
0
140
0
230
138
172
0
89
255
227
128
255
174
255
255
132
0
0
16
0
0
24
91
255
42
60
33
0
29
8
26
0
255
0
39
0
227
0
0
0
0
109
0
0
0
7
27
79
97
47
4
0
0
255
0
107
0
0
255
0
54
0
0
65
0
93
0
0
226
0
253
0
0
255
0
69
0
0
0
0
0
139
0
223
255
195
0
0
0
0
0
8
0
136
0
103
129
0
255
0
144
0
255
244
0
0
255
255
0
0
0
255
0
0
0
45
0
0
0
0
0
0
0
0
0
17
0
11
7
0
0
0
0
0
46
58
0
0
0
0
40
255
255
255
255
255
0
0
0
16
0
0
0
0
0
66
0
0
0
0
175
0
225
78
255
255
0
0
0
0
0
2
0
0
26
41
