0
0
0
0
0
24
0
0
0
0
0
0
0
0
0
55
0
0
0
0
0
0
0
0
0
0
0
0
0
22
0
0
0
0
0
0
0
0
0
0
0
0
0
0
0
0
0
0
0
0
255
255
0
0
54
182
130
71
14
9
72
0
0
0
0
0
0
0
0
83
0
0
0
0
0
0
0
0
0
0
0
0
0
0
0
0
0
0
0
0
0
0
0
0
0
0
0
0
0
0
0
0
0
29
232
0
0
0
0
0
0
0
0
255
0
0
0
0
0
0
0
0
0
0
0
0
0
0
0
0
0
0
0
0
0
0
0
0
0
0
255
0
0
0
0
129
0
0
0
77
0
0
0
0
0
0
0
0
16
143
0
0
0
0
0
0
0
0
0
0
0
0
0
0
0
0
0
0
0
0
0
0
0
0
0
0
0
0
0
0
0
0
0
0
0
0
0
0
0
0
0
0
198
0
0
0
0
0
54
0
0
255
0
0
181
0
0
42
43
0
255
0
0
0
255
0
0
77
0
0
17
0
0
90
255
0
0
79
0
0
0
0
0
48
158
0
0
0
0
0
0
0
0
24
101
0
0
80
38
0
0
0
0
82
117
0
0
15
21
0
4
0
0
188
151
0
0
5
45
0
0
0
0
255
101
0
0
60
72
27
0
0
0
255
65
0
0
60
28
1
0
0
0
0
0
0
91
39
24
0
0
0
0
0
111
255
159
95
70
0
0
0
0
0
255
2
0
21
0
0
0
0
0
108
0
0
0
2
43
25
0
125
255
255
255
100
189
255
255
255
0
0
0
0
0
0
0
0
0
0
0
0
0
187
38
9
158
255
255
217
255
255
255
255
255
255
255
255
255
255
0
0
0
0
0
0
0
0
0
0
0
0
0
0
0
0
0
0
0
0
0
0
0
0
0
0
0
121
133
0
0
0
0
0
0
0
0
83
96
0
0
0
0
0
0
0
0
0
0
0
0
0
0
0
0
0
0
0
0
0
0
0
0
0
0
0
0
0
0
0
0
0
0
0
0
0
0
0
0
0
0
0
0
0
0
0
0
0
0
0
87
0
0
0
0
0
0
138
0
0
225
255
255
72
0
0
4
255
204
34
33
138
255
255
46
0
0
61
65
11
18
152
47
0
0
0
0
53
247
0
164
110
0
0
0
0
0
0
198
0
99
0
0
0
0
0
0
0
216
86
0
0
0
0
0
0
0
0
151
47
0
0
0
0
0
0
0
0
0
0
0
0
0
0
0
0
0
0
0
0
0
0
0
0
0
0
0
0
0
0
0
0
0
0
0
0
0
0
0
0
0
0
0
0
0
0
0
0
0
0
0
0
157
190
0
0
0
0
0
0
158
40
0
0
0
0
0
0
0
0
32
0
0
0
0
0
0
0
0
0
0
0
0
0
0
0
0
0
0
0
0
0
232
74
104
203
0
0
0
0
0
48
137
0
0
9
0
0
0
0
0
0
0
0
0
0
0
0
0
0
255
255
242
41
22
0
0
0
92
241
255
255
255
168
67
19
0
0
255
255
179
122
14
0
0
0
0
0
0
74
35
16
0
0
0
0
0
0
0
8
0
34
121
0
0
0
0
124
102
0
14
11
0
0
0
32
0
0
38
0
0
0
0
0
56
27
0
65
137
93
0
0
0
86
66
0
0
0
119
169
0
0
0
0
0
0
0
0
0
0
0
0
0
0
0
0
0
0
0
0
255
255
241
163
56
0
255
255
255
14
118
50
19
0
23
0
0
152
85
123
50
41
112
70
116
0
0
71
21
3
23
7
131
142
198
0
0
0
50
1
0
0
0
0
0
26
255
198
3
0
0
0
0
0
0
10
255
255
19
0
0
0
0
100
0
0
255
124
0
0
0
0
0
0
0
0
0
0
0
0
0
0
0
0
0
0
0
0
0
0
79
0
0
0
0
63
231
0
0
0
0
2
0
0
0
157
255
0
0
0
0
0
0
0
0
0
172
0
0
0
0
0
0
0
0
0
25
0
0
0
0
0
76
61
0
0
210
0
0
0
95
128
0
0
0
230
111
98
156
0
140
0
0
0
0
152
138
46
172
0
0
0
0
0
0
118
154
50
128
0
0
0
89
0
0
255
227
103
123
0
35
101
174
0
0
255
255
237
132
0
255
0
18
0
0
255
127
114
9
0
0
0
0
0
0
16
0
0
0
0
0
0
0
0
0
0
0
0
0
0
0
0
0
0
0
97
0
0
0
0
0
24
91
0
0
255
0
42
60
0
33
0
0
0
0
29
0
0
26
0
0
0
0
0
13
0
0
8
13
0
0
0
0
255
0
0
0
39
0
0
0
0
183
0
0
0
0
0
0
0
0
0
0
0
0
0
0
0
0
0
227
68
0
0
0
0
0
0
0
0
109
0
0
0
0
0
0
0
0
7
0
0
0
0
0
0
0
0
0
0
0
0
28
0
0
0
0
0
0
0
0
27
79
0
0
97
47
2
4
0
0
0
0
0
0
255
0
0
101
0
0
0
0
0
162
255
0
0
107
0
0
0
0
0
255
255
0
0
54
15
0
0
0
0
235
255
0
0
0
0
0
0
0
0
0
65
0
0
0
0
0
0
0
0
16
0
0
0
93
52
0
0
0
0
226
0
0
0
160
253
0
0
0
0
218
0
0
0
0
0
0
0
0
0
255
52
0
0
0
0
0
0
0
0
228
149
0
0
69
6
0
0
0
0
0
0
0
0
0
0
0
0
0
0
0
0
0
0
0
0
0
0
0
0
0
0
255
74
0
195
0
139
0
0
0
223
255
0
0
125
0
0
0
0
0
0
0
0
0
0
0
0
0
0
0
0
0
0
0
0
0
0
0
0
0
0
0
0
0
0
8
0
0
0
0
136
0
0
0
103
129
20
0
0
158
255
0
0
33
144
35
0
0
0
0
215
0
0
0
2
0
0
0
0
244
146
0
0
0
0
0
0
0
255
31
0
0
0
0
0
0
0
255
9
0
0
0
0
0
0
75
255
0
0
0
0
0
0
0
0
255
0
0
0
0
0
0
0
0
0
0
0
0
0
0
0
0
0
9
45
0
0
0
0
0
0
0
0
0
0
0
0
0
0
0
0
0
0
0
0
0
0
0
0
0
0
0
0
0
17
0
0
0
0
0
0
0
0
0
0
0
0
0
0
0
0
0
0
0
0
0
0
0
11
0
7
0
0
0
0
0
0
0
0
0
0
0
46
26
58
0
0
0
0
0
0
0
0
0
0
0
0
0
0
0
0
0
0
0
0
0
0
0
0
0
0
0
0
0
40
255
255
255
255
255
255
255
255
255
255
0
0
0
0
0
0
0
0
0
0
0
0
0
0
0
0
0
0
0
0
0
0
0
0
0
0
16
0
0
0
0
0
0
0
0
0
0
0
66
0
0
0
0
0
0
0
0
0
26
0
0
0
0
0
0
0
0
0
52
66
0
0
0
0
0
0
0
0
128
175
0
0
61
225
78
77
88
255
255
255
0
0
0
0
0
0
0
0
196
255
0
0
0
0
0
0
0
0
0
0
0
0
0
0
0
0
0
0
0
0
0
0
0
0
0
0
0
0
0
0
2
0
0
0
0
0
0
26
41
0
